====================================================================================================
[voicing] vo_s3c — reduction
====================================================================================================
  arms   : voi3_dp, voi3b_comp_pr_yk, voi3b_comp_yk
  banked : vo_s3:voi3_dp, vo_s3b:voi3b_comp_yk, vo_s3b:voi3b_comp_pr_yk

====================================================================================================
[A] LIFETIMES, COMMITS, AND THE IN-TAG IDENTITY CHECK
====================================================================================================
    arm                       cyc  commits (level@cycle)                 s/cycle
    voi3_dp                   108  L2@c47                              
    voi3b_comp_pr_yk          108  L2@c47                              
    voi3b_comp_yk             108  L2@c47                              
    vo_s3:voi3_dp             201  L2@c48, L3@c100, L4@c151, L5@c186      (banked)
    vo_s3b:voi3b_comp_yk      201  L2@c48, L3@c100, L4@c151, L5@c186      (banked)
    vo_s3b:voi3b_comp_pr_yk   201  L2@c48, L3@c100, L4@c151, L5@c186      (banked)

    IDENTITY CHECK — voi3_dp against EVERY banked anchor. The anchor names no
    consumer knob, so it must be the banked arm to the bit; anything else means the
    record or an instrument is not inert.
      vs vo_s3:voi3_dp:  MAX|delta| OVER ALL SERIES = 1.223e+06   commits equal: False
        e=4.062e-01  succ=4.062e-01  dres=4.320e+00  n_solved=2.850e+02  n_mined=8.000e+00  n_moves=1.600e+01  width=1.500e+01  e_practice=2.344e-01  vloss=3.212e-01  gloss=1.387e+00  t_cum=1.223e+06  g_per_solve=2.500e+01  m_per_solve=1.200e+01
        commits: [(2, 47)]  vs  [(2, 48), (3, 100), (4, 151), (5, 186)]
      vs vo_s3b:voi3b_comp_yk:  MAX|delta| OVER ALL SERIES = 1.216e+06   commits equal: False
        e=4.896e-01  succ=4.896e-01  dres=4.292e+00  n_solved=2.790e+02  n_mined=8.000e+00  n_moves=1.600e+01  width=1.500e+01  e_practice=3.281e-01  vloss=3.801e-01  gloss=1.387e+00  t_cum=1.216e+06  g_per_solve=2.500e+01  m_per_solve=1.200e+01
        commits: [(2, 47)]  vs  [(2, 48), (3, 100), (4, 151), (5, 186)]
      vs vo_s3b:voi3b_comp_pr_yk:  MAX|delta| OVER ALL SERIES = 1.276e+06   commits equal: False
        e=4.818e-01  succ=4.818e-01  dres=4.385e+00  n_solved=2.790e+02  n_mined=8.000e+00  n_moves=1.600e+01  width=1.500e+01  e_practice=2.969e-01  vloss=3.121e-01  gloss=1.387e+00  t_cum=1.276e+06  g_per_solve=2.500e+01  m_per_solve=1.200e+01
        commits: [(2, 47)]  vs  [(2, 48), (3, 100), (4, 151), (5, 186)]

====================================================================================================
[B] THE CORRIDOR — slots open, parity, misfire, and when it closed
====================================================================================================
    `n_open` is slots past the firing gate; `misfire` is fired rows whose span did not
    match `dp_features` exactly. An arm whose corridor closes stops executing with the
    head and falls back to the DP on every macro call.

    arm                    open@max  open@last  first c with open=0 after a peak   misfire(all)  misfire(era>=3)
    voi3_dp                      16         16  None                             0.0873        0.0838
    voi3b_comp_pr_yk             16         16  None                             0.3206        0.3094
    voi3b_comp_yk                16         15  None                             0.2765        0.2767

    n_open per 10 cycles (the corridor's whole life):
      voi3_dp                  0   0   0   0   0  13  16  16  16  16  16
      voi3b_comp_pr_yk         0   0   0   0   0  11  16  16  16  16  16
      voi3b_comp_yk            0   0   0   0   0   4  16  16  16  16  15
      cycle                    1  11  21  31  41  51  61  71  81  91 101

====================================================================================================
[C] THE SAMPLER, REALISED — deviation and on-table projection
====================================================================================================
    `dev`  the sampled entry left the on-table argmax (the quantity the temperature is
           set on; `DESIGN.md` §17 predicted this would fall below the preflight's
           0.44-0.67 because a sharper plant deviates less at fixed T).
    `ont`  the on-table argmax was not the head's FREE-RUN emission — the projection
           component that rides with the write axis (`DESIGN.md` §11).

    voi3_dp: argmax arm — never sampled.
    voi3b_comp_pr_yk:
      era  cell        n        dev     ont
        1  2n0        25761    0.669   0.002
        1  2n1        25754    0.741   0.001
        1  2n2        25747    0.824   0.002
        1  2n3        25934    0.732   0.002
        1  2n4        25775    0.798   0.002
        1  2n5        25778    0.739   0.002
        1  2n6        25823    0.863   0.004
        1  2n7        25736    0.784   0.003
        1  2n8        25845    0.724   0.004
        1  2n9        25694    0.754   0.004
        1  2n10       25672    0.852   0.004
        1  2n11       25886    0.814   0.002
        1  2n12       27253    0.622   0.004
        1  2n13       26017    0.622   0.003
        1  2n14       25787    0.728   0.004
        1  2n15       25835    0.689   0.001
        2  2n0         2852    0.397   0.015
        2  2n1         5513    0.369   0.011
        2  2n2         5126    0.230   0.006
        2  2n3         9643    0.444   0.006
        2  2n4         2609    0.475   0.017
        2  2n5         2680    0.276   0.016
        2  2n6        11860    0.264   0.000
        2  2n7         2497    0.149   0.014
        2  2n8         3278    0.412   0.015
        2  2n9         3247    0.354   0.018
        2  2n10        5440    0.416   0.009
        2  2n11        2472    0.392   0.022
        2  2n12       27398    0.316   0.011
        2  2n13        6848    0.180   0.009
        2  2n14        3902    0.186   0.009
        2  2n15        3524    0.298   0.015
        3  2n0         2116    0.567   0.027
        3  2n1         4394    0.355   0.013
        3  2n2        10994    0.310   0.002
        3  2n3         6533    0.426   0.003
        3  2n4         3412    0.335   0.006
        3  2n5         2429    0.249   0.008
        3  2n6        10905    0.175   0.003
        3  2n7         2968    0.377   0.005
        3  2n8         5059    0.406   0.006
        3  2n9         2932    0.448   0.012
        3  2n10        4671    0.207   0.006
        3  2n11        1510    0.366   0.011
        3  2n12       92557    0.290   0.016
        3  2n13       22797    0.087   0.014
        3  2n14        5970    0.320   0.002
        3  2n15        9302    0.363   0.013
        4  2n0         3888    0.361   0.013
        4  2n1         4964    0.471   0.009
        4  2n2        16594    0.336   0.014
        4  2n3        26018    0.410   0.009
        4  2n4         2996    0.337   0.011
        4  2n5         2489    0.243   0.049
        4  2n6        10852    0.108   0.003
        4  2n7         3031    0.259   0.000
        4  2n8        11492    0.319   0.013
        4  2n9         3881    0.322   0.003
        4  2n10        6480    0.296   0.002
        4  2n11        1792    0.362   0.007
        4  2n12      195459    0.193   0.012
        4  2n13       96032    0.144   0.003
        4  2n14       14829    0.371   0.002
        4  2n15       29431    0.371   0.006
        5  2n0         4293    0.575   0.031
        5  2n1         6042    0.340   0.028
        5  2n2        15016    0.297   0.002
        5  2n3        13949    0.295   0.025
        5  2n4         2754    0.569   0.012
        5  2n5         1283    0.330   0.019
        5  2n6         9938    0.207   0.000
        5  2n7         2700    0.173   0.002
        5  2n8        20606    0.381   0.014
        5  2n9         1777    0.204   0.019
        5  2n10        2508    0.175   0.010
        5  2n11        1668    0.345   0.019
        5  2n12      130767    0.182   0.009
        5  2n13      110587    0.153   0.011
        5  2n14       18863    0.177   0.006
        5  2n15       48807    0.301   0.009

    voi3b_comp_yk:
      era  cell        n        dev     ont
        1  2n0        25756    0.661   0.002
        1  2n1        25778    0.731   0.004
        1  2n2        25742    0.783   0.001
        1  2n3        25820    0.726   0.003
        1  2n4        25780    0.780   0.002
        1  2n5        25778    0.775   0.002
        1  2n6        25883    0.829   0.001
        1  2n7        25730    0.753   0.002
        1  2n8        25836    0.716   0.003
        1  2n9        25690    0.736   0.004
        1  2n10       25672    0.816   0.004
        1  2n11       25879    0.791   0.002
        1  2n12       25943    0.630   0.003
        1  2n13       25803    0.617   0.004
        1  2n14       25778    0.712   0.004
        1  2n15       25737    0.671   0.002
        2  2n0         2476    0.286   0.017
        2  2n1         4273    0.615   0.014
        2  2n2         3097    0.174   0.012
        2  2n3         3870    0.225   0.013
        2  2n4         7287    0.256   0.011
        2  2n5         4097    0.239   0.028
        2  2n6         7786    0.225   0.001
        2  2n7         3885    0.236   0.036
        2  2n8         3329    0.380   0.020
        2  2n9        10165    0.208   0.012
        2  2n10        3324    0.252   0.012
        2  2n11        5970    0.544   0.011
        2  2n12       20918    0.188   0.009
        2  2n13       10854    0.140   0.008
        2  2n14        4993    0.227   0.006
        2  2n15        5177    0.244   0.032
        3  2n0         3008    0.181   0.007
        3  2n1         2722    0.433   0.016
        3  2n2         4474    0.116   0.022
        3  2n3         4276    0.279   0.004
        3  2n4         7556    0.223   0.008
        3  2n5         2922    0.220   0.009
        3  2n6         9726    0.192   0.001
        3  2n7         5064    0.145   0.002
        3  2n8         8420    0.635   0.027
        3  2n9        12540    0.221   0.013
        3  2n10        1825    0.192   0.007
        3  2n11        7794    0.394   0.027
        3  2n12       81043    0.251   0.018
        3  2n13       42549    0.246   0.005
        3  2n14        6419    0.232   0.004
        3  2n15        4726    0.421   0.037
        4  2n0         7819    0.134   0.004
        4  2n1         4793    0.561   0.008
        4  2n2         3706    0.229   0.003
        4  2n3         2967    0.339   0.007
        4  2n4         7343    0.319   0.004
        4  2n5         2146    0.214   0.006
        4  2n6        14417    0.358   0.010
        4  2n7         7548    0.069   0.003
        4  2n8         3765    0.436   0.015
        4  2n9        11465    0.298   0.010
        4  2n10        1978    0.255   0.007
        4  2n11        5723    0.629   0.008
        4  2n12      211445    0.209   0.018
        4  2n13      122738    0.218   0.007
        4  2n14        9970    0.219   0.003
        4  2n15       34336    0.386   0.007
        5  2n0        10445    0.128   0.002
        5  2n1         4456    0.475   0.046
        5  2n2         5058    0.296   0.003
        5  2n3         7968    0.277   0.012
        5  2n4        10613    0.537   0.008
        5  2n5         5118    0.072   0.003
        5  2n6         8617    0.435   0.019
        5  2n7         8931    0.205   0.005
        5  2n8         3978    0.402   0.009
        5  2n9         3787    0.336   0.012
        5  2n10        1630    0.187   0.004
        5  2n11        6965    0.590   0.015
        5  2n12      135486    0.286   0.020
        5  2n13      121457    0.181   0.003
        5  2n14       22979    0.214   0.002
        5  2n15       63741    0.336   0.011

====================================================================================================
[D] WHAT THE CHOOSER WROTE — Q0 §5's table, live, on the EXECUTED population
====================================================================================================
    Filed writes only (kept by the beam and on a graded tip). `rows` is the operative
    table's size, `dist` distinct tuples written, `keys` distinct class-pair keys,
    `tok` distinct token classes, `top1` the share of the era's filed writes on one
    tuple. Q0's banked numbers at the same nodes: L4 2.6-3.6 of 155-187 rows, top1
    0.91-0.94; L5 1.5-1.6 of 144-152, top1 0.80-0.93 (the FIRED population).

    voi3_dp:
      era  cell      n_filed  rows   dist/cyc  keys/cyc  tok/cyc   top1(w)
        1  2n0        1789    15      6.38     6.38    5.85     0.414
        1  2n1        1927    15      6.08     6.08    5.54     0.407
        1  2n2        1952    15      5.08     5.08    4.77     0.430
        1  2n3        1724    15      5.38     5.38    4.00     0.412
        1  2n4        1742    15      6.92     6.92    5.77     0.360
        1  2n5        2005    15      5.46     5.46    4.54     0.527
        1  2n6        2181    15      3.85     3.85    3.77     0.696
        1  2n7        2039    15      5.92     5.92    4.23     0.352
        1  2n8        2058    15      6.31     6.31    5.62     0.462
        1  2n9        1977    15      6.00     6.00    5.62     0.417
        1  2n10       1900    15      5.38     5.38    5.08     0.344
        1  2n11       2171    15      5.46     5.46    4.54     0.468
        1  2n12       1733    15      4.38     4.38    3.92     0.492
        1  2n13       2505    15      5.00     5.00    4.15     0.580
        1  2n14       1521    15      4.15     4.15    3.92     0.602
        1  2n15       2117    15      5.69     5.69    4.69     0.354
        2  2n0        1784    15      7.06     7.06    6.71     0.400
        2  2n1        1659    15      6.06     6.06    5.41     0.390
        2  2n2        1738    15      5.59     5.59    4.88     0.429
        2  2n3        1753    15      6.29     6.29    4.82     0.376
        2  2n4        1317    15      6.18     6.18    5.12     0.397
        2  2n5        1937    15      6.06     6.06    5.00     0.427
        2  2n6        1813    15      4.24     4.24    4.24     0.619
        2  2n7        1861    15      5.24     5.24    4.18     0.431
        2  2n8        1741    15      6.29     6.29    5.88     0.419
        2  2n9        1642    15      4.76     4.76    4.12     0.504
        2  2n10       1453    15      6.53     6.53    5.47     0.317
        2  2n11       1419    15      5.59     5.59    4.35     0.496
        2  2n12       2337    15      5.41     5.41    4.76     0.432
        2  2n13       2237    15      4.82     4.82    4.29     0.559
        2  2n14       1728    15      5.35     5.35    5.06     0.408
        2  2n15       2033    15      4.82     4.82    3.94     0.456
        3  2n0        1052    15      6.50     6.50    6.00     0.354
        3  2n1        1110    15      6.20     6.20    5.60     0.396
        3  2n2        1176    15      6.40     6.40    4.90     0.320
        3  2n3        1034    15      5.70     5.70    4.30     0.426
        3  2n4         628    15      5.70     5.70    5.30     0.447
        3  2n5        1154    15      5.10     5.10    4.40     0.478
        3  2n6        1110    15      4.10     4.10    3.90     0.644
        3  2n7         970    15      5.60     5.60    4.00     0.430
        3  2n8        1245    15      6.70     6.70    5.70     0.382
        3  2n9        1225    15      6.10     6.10    5.50     0.417
        3  2n10        941    15      5.70     5.70    4.40     0.410
        3  2n11        953    15      5.50     5.50    4.40     0.499
        3  2n12       3459    15      6.40     6.40    5.60     0.372
        3  2n13       2149    15      4.90     4.90    3.80     0.679
        3  2n14        959    15      5.10     5.10    4.90     0.515
        3  2n15       1205    15      4.80     4.80    3.50     0.480
        4  2n0        1190    16      6.17     6.17    5.58     0.376
        4  2n1        1464    16      6.58     6.58    6.00     0.344
        4  2n2        1533    16      5.92     5.92    5.08     0.362
        4  2n3        1520    16      6.50     6.50    4.92     0.397
        4  2n4         925    16      6.00     6.00    5.92     0.362
        4  2n5        1324    16      5.42     5.42    4.75     0.418
        4  2n6        1530    16      4.50     4.50    4.17     0.628
        4  2n7        1427    16      6.00     6.00    5.00     0.342
        4  2n8        1503    16      6.42     6.42    6.08     0.418
        4  2n9        1184    16      5.92     5.92    5.58     0.449
        4  2n10       1186    16      5.75     5.75    4.58     0.401
        4  2n11       1020    16      5.42     5.42    4.50     0.442
        4  2n12       5830    16      7.25     7.25    6.17     0.348
        4  2n13       2751    16      4.08     4.08    3.42     0.744
        4  2n14       2074    16      5.00     5.00    4.50     0.525
        4  2n15       2308    16      5.92     5.92    4.42     0.453
        5  2n0        1269    17      5.89     5.89    5.33     0.418
        5  2n1         792    17      5.33     5.33    5.11     0.413
        5  2n2        1161    17      7.11     7.11    5.89     0.301
        5  2n3         949    17      6.22     6.22    4.78     0.400
        5  2n4         685    17      6.56     6.56    6.00     0.476
        5  2n5         993    17      5.78     5.78    4.89     0.358
        5  2n6         917    17      5.67     5.67    4.89     0.495
        5  2n7         895    17      5.89     5.89    4.22     0.391
        5  2n8        1058    17      6.89     6.89    6.67     0.387
        5  2n9        1250    17      6.22     6.22    5.44     0.499
        5  2n10       1692    17      6.67     6.67    5.11     0.365
        5  2n11       1034    17      7.22     7.22    4.89     0.337
        5  2n12       4327    17      8.67     8.67    7.11     0.319
        5  2n13       3115    17      5.33     5.33    4.11     0.604
        5  2n14       1338    17      4.56     4.56    3.67     0.587
        5  2n15       1706    17      6.33     6.33    4.78     0.387

    voi3b_comp_pr_yk:
      era  cell      n_filed  rows   dist/cyc  keys/cyc  tok/cyc   top1(w)
        1  2n0        2016    14      3.69     3.69    3.38     0.554
        1  2n1        2038    14      2.85     2.85    2.77     0.684
        1  2n2        2059    14      3.92     3.92    3.77     0.568
        1  2n3        1636    14      3.15     3.15    3.00     0.536
        1  2n4        1672    14      3.92     3.92    3.54     0.442
        1  2n5        1971    14      2.69     2.69    2.69     0.735
        1  2n6        1821    14      2.69     2.69    2.69     0.792
        1  2n7        1819    14      3.31     3.31    2.92     0.604
        1  2n8        1974    14      4.31     4.31    3.92     0.561
        1  2n9        1863    14      2.92     2.92    2.85     0.701
        1  2n10       1648    14      3.54     3.54    3.46     0.464
        1  2n11       1913    14      3.23     3.23    2.92     0.736
        1  2n12       1807    14      3.31     3.31    3.23     0.695
        1  2n13       2300    14      3.15     3.15    3.00     0.704
        1  2n14       1655    14      2.92     2.92    2.85     0.709
        1  2n15       2223    14      3.38     3.38    3.00     0.602
        2  2n0        1656    15      3.76     3.76    3.59     0.638
        2  2n1        2026    15      2.82     2.82    2.71     0.793
        2  2n2        2211    15      3.71     3.71    3.65     0.623
        2  2n3        2024    15      3.24     3.24    3.18     0.520
        2  2n4        1194    15      3.65     3.65    3.65     0.580
        2  2n5        1899    15      2.82     2.82    2.76     0.742
        2  2n6        1946    15      2.94     2.94    2.94     0.854
        2  2n7        1800    15      3.06     3.06    3.06     0.619
        2  2n8        2134    15      4.47     4.47    4.41     0.499
        2  2n9        1636    15      2.76     2.76    2.76     0.727
        2  2n10       1324    15      4.12     4.12    3.94     0.494
        2  2n11       1367    15      2.76     2.76    2.76     0.709
        2  2n12       2418    15      3.82     3.82    3.76     0.591
        2  2n13       2604    15      2.82     2.82    2.76     0.790
        2  2n14       1577    15      2.59     2.59    2.59     0.743
        2  2n15       2247    15      2.88     2.88    2.76     0.662
        3  2n0        1198    15      4.40     4.40    4.20     0.497
        3  2n1        1063    15      3.80     3.80    3.20     0.615
        3  2n2        1120    15      3.50     3.50    3.20     0.566
        3  2n3         949    15      3.20     3.20    3.00     0.483
        3  2n4         664    15      3.80     3.80    3.40     0.592
        3  2n5        1186    15      3.10     3.10    3.10     0.624
        3  2n6        1424    15      2.50     2.50    2.40     0.794
        3  2n7         944    15      3.10     3.10    2.90     0.637
        3  2n8        1356    15      4.30     4.30    4.20     0.461
        3  2n9        1045    15      3.40     3.40    3.20     0.593
        3  2n10        918    15      4.10     4.10    3.80     0.450
        3  2n11        977    15      3.00     3.00    2.90     0.688
        3  2n12       2908    15      4.70     4.70    4.70     0.446
        3  2n13       2764    15      3.20     3.20    3.00     0.661
        3  2n14       1067    15      3.10     3.10    3.10     0.767
        3  2n15       1532    15      3.20     3.20    2.80     0.565
        4  2n0        1247    16      5.00     5.00    4.75     0.545
        4  2n1        1248    16      4.42     4.42    3.92     0.563
        4  2n2        1391    16      3.83     3.83    3.58     0.464
        4  2n3        1931    16      3.25     3.25    3.25     0.518
        4  2n4         888    16      4.00     4.00    3.42     0.494
        4  2n5        1713    16      3.17     3.17    3.08     0.585
        4  2n6        1732    16      2.83     2.83    2.67     0.755
        4  2n7        1060    16      3.00     3.00    2.92     0.575
        4  2n8        1629    16      4.42     4.42    4.25     0.387
        4  2n9        1026    16      3.42     3.42    3.25     0.570
        4  2n10       1319    16      4.08     4.08    3.83     0.513
        4  2n11       1149    16      3.08     3.08    3.00     0.570
        4  2n12       5704    16      4.83     4.83    4.50     0.450
        4  2n13       4374    16      3.33     3.33    3.33     0.596
        4  2n14       1955    16      2.75     2.75    2.75     0.841
        4  2n15       2484    16      3.92     3.92    3.25     0.520
        5  2n0         872    18      6.00     6.00    5.67     0.442
        5  2n1         893    18      4.33     4.33    3.56     0.679
        5  2n2        1330    18      4.11     4.11    3.78     0.638
        5  2n3        1236    18      3.89     3.89    3.44     0.511
        5  2n4         526    18      4.67     4.67    3.67     0.521
        5  2n5        1161    18      3.67     3.67    3.33     0.566
        5  2n6        1014    18      3.78     3.78    3.22     0.763
        5  2n7         834    18      3.00     3.00    2.89     0.598
        5  2n8        1470    18      5.44     5.44    5.00     0.401
        5  2n9        1165    18      4.56     4.56    4.00     0.564
        5  2n10       1407    18      4.22     4.22    3.78     0.469
        5  2n11       1027    18      3.22     3.22    2.89     0.615
        5  2n12       3734    18      4.67     4.67    4.22     0.527
        5  2n13       4443    18      3.89     3.89    3.89     0.517
        5  2n14       1360    18      2.44     2.44    2.44     0.838
        5  2n15       2134    18      4.33     4.33    3.67     0.542

    voi3b_comp_yk:
      era  cell      n_filed  rows   dist/cyc  keys/cyc  tok/cyc   top1(w)
        1  2n0        2104    14      4.92     4.92    4.69     0.445
        1  2n1        1922    14      4.38     4.38    4.15     0.514
        1  2n2        1901    14      4.08     4.08    3.92     0.536
        1  2n3        1806    14      3.08     3.08    2.92     0.551
        1  2n4        1969    14      4.77     4.77    4.31     0.457
        1  2n5        1865    14      3.54     3.54    3.46     0.604
        1  2n6        1899    14      3.54     3.54    3.54     0.672
        1  2n7        1997    14      3.46     3.46    3.15     0.557
        1  2n8        2109    14      4.46     4.46    4.23     0.495
        1  2n9        1821    14      3.69     3.69    3.62     0.500
        1  2n10       1694    14      4.31     4.31    4.23     0.385
        1  2n11       1646    14      3.31     3.31    3.15     0.608
        1  2n12       1629    14      3.62     3.62    3.54     0.639
        1  2n13       2378    14      3.54     3.54    3.38     0.586
        1  2n14       1635    14      3.62     3.62    3.54     0.598
        1  2n15       2239    14      3.62     3.62    3.31     0.530
        2  2n0        1621    16      6.24     6.24    5.76     0.411
        2  2n1        1914    16      5.12     5.12    4.59     0.564
        2  2n2        1956    16      5.41     5.41    5.00     0.467
        2  2n3        1742    16      4.35     4.35    3.59     0.458
        2  2n4        1406    16      5.41     5.41    4.76     0.501
        2  2n5        1936    16      4.53     4.53    3.76     0.533
        2  2n6        1962    16      4.24     4.24    4.24     0.621
        2  2n7        1957    16      3.94     3.94    3.59     0.536
        2  2n8        1784    16      6.00     6.00    5.65     0.382
        2  2n9        2127    16      4.53     4.53    4.29     0.501
        2  2n10       1317    16      5.35     5.35    5.00     0.450
        2  2n11       1834    16      4.41     4.41    3.47     0.581
        2  2n12       2244    16      4.76     4.76    4.65     0.510
        2  2n13       2673    16      4.29     4.29    3.71     0.685
        2  2n14       1726    16      4.88     4.88    4.88     0.466
        2  2n15       2387    16      4.47     4.47    3.53     0.476
        3  2n0        1112    16      6.40     6.40    5.90     0.425
        3  2n1        1069    16      5.20     5.20    4.80     0.469
        3  2n2         878    16      5.40     5.40    4.90     0.442
        3  2n3        1021    16      4.70     4.70    3.60     0.460
        3  2n4         912    16      5.50     5.50    4.80     0.491
        3  2n5        1184    16      3.70     3.70    3.50     0.530
        3  2n6        1251    16      4.10     4.10    4.10     0.645
        3  2n7        1096    16      4.40     4.40    3.50     0.519
        3  2n8        1190    16      6.20     6.20    5.40     0.390
        3  2n9        1385    16      5.50     5.50    4.90     0.442
        3  2n10        938    16      5.60     5.60    4.90     0.372
        3  2n11       1136    16      4.40     4.40    3.60     0.510
        3  2n12       2864    16      5.80     5.80    5.20     0.396
        3  2n13       3003    16      5.10     5.10    3.60     0.609
        3  2n14        999    16      5.00     5.00    5.00     0.478
        3  2n15       1507    16      5.00     5.00    3.50     0.474
        4  2n0        1469    17      6.25     6.25    5.92     0.460
        4  2n1        1110    17      5.33     5.33    5.17     0.429
        4  2n2        1118    17      5.25     5.25    4.58     0.454
        4  2n3        1344    17      4.75     4.75    3.50     0.499
        4  2n4        1150    17      5.50     5.50    4.67     0.435
        4  2n5        1493    17      4.33     4.33    3.67     0.496
        4  2n6        1647    17      3.42     3.42    3.42     0.774
        4  2n7        1173    17      4.00     4.00    3.50     0.594
        4  2n8        1661    17      7.08     7.08    6.00     0.331
        4  2n9        1636    17      6.25     6.25    5.92     0.363
        4  2n10       1220    17      4.75     4.75    4.58     0.461
        4  2n11       1255    17      4.42     4.42    3.58     0.618
        4  2n12       5808    17      6.42     6.42    5.08     0.461
        4  2n13       4931    17      6.00     6.00    4.25     0.594
        4  2n14       2109    17      4.50     4.50    4.50     0.620
        4  2n15       2828    17      4.67     4.67    3.50     0.392
        5  2n0        1224    18      6.56     6.56    6.22     0.362
        5  2n1         829    18      5.44     5.44    5.22     0.391
        5  2n2        1009    18      5.00     5.00    4.67     0.451
        5  2n3        1021    18      5.33     5.33    3.89     0.400
        5  2n4         966    18      6.00     6.00    5.11     0.474
        5  2n5        1063    18      4.00     4.00    3.89     0.454
        5  2n6        1154    18      3.89     3.89    3.78     0.691
        5  2n7         972    18      3.78     3.78    3.78     0.526
        5  2n8        1190    18      7.00     7.00    6.22     0.337
        5  2n9        1223    18      5.89     5.89    5.44     0.426
        5  2n10       1301    18      4.89     4.89    4.89     0.406
        5  2n11       1284    18      5.89     5.89    4.22     0.503
        5  2n12       3494    18      8.89     8.89    6.00     0.450
        5  2n13       4528    18      6.44     6.44    4.56     0.591
        5  2n14       1330    18      4.11     4.11    4.11     0.694
        5  2n15       2449    18      5.56     5.56    4.78     0.424

====================================================================================================
[E] THE WRITER'S CLASS ACCURACY ON THE PRICED BEAM (held-out: fresh instances/cycle)
====================================================================================================
    `contains` against the clean latent, `rep` against the set of features that REPAIR
    the instance there. On an open slot the writer IS the head, so `rep` is the head's
    class accuracy; where the corridor is closed it is the DP's. Q0 §3's audition-path
    numbers for the DP at the frontier: 4n3 contains_rep 0.718 (era 4), 5n1 0.582.

    voi3_dp:
      era  cell     contains n    contains   rep n     rep
        1  2n0         1789      0.475      822    0.235
        1  2n1         1927      0.583      813    0.304
        1  2n2         1952      0.537      832    0.190
        1  2n3         1724      0.443      801    0.174
        1  2n4         1742      0.383      802    0.252
        1  2n5         2005      0.483      821    0.218
        1  2n6         2181      0.809      828    0.338
        1  2n7         2039      0.580      832    0.266
        1  2n8         2058      0.302      828    0.105
        1  2n9         1977      0.398      832    0.262
        1  2n10        1900      0.585      823    0.269
        1  2n11        2171      0.482      829    0.197
        1  2n12        1733      0.469      798    0.628
        1  2n13        2505      0.539      832    0.240
        1  2n14        1521      0.686      814    0.322
        1  2n15        2117      0.504      816    0.199
        2  2n0         1784      0.562     1071    0.187
        2  2n1         1659      0.451     1075    0.066
        2  2n2         1738      0.493     1050    0.115
        2  2n3         1753      0.428     1088    0.152
        2  2n4         1317      0.332     1021    0.103
        2  2n5         1937      0.498     1073    0.103
        2  2n6         1813      0.837     1029    0.226
        2  2n7         1861      0.644     1084    0.202
        2  2n8         1741      0.377     1080    0.175
        2  2n9         1642      0.479     1031    0.218
        2  2n10        1453      0.574     1016    0.179
        2  2n11        1419      0.579     1035    0.136
        2  2n12        2337      0.568     1088    0.539
        2  2n13        2237      0.323     1088    0.252
        2  2n14        1728      0.531     1088    0.188
        2  2n15        2033      0.392     1088    0.203
        3  2n0         1052      0.518      624    0.050
        3  2n1         1110      0.535      633    0.060
        3  2n2         1176      0.430      640    0.095
        3  2n3         1034      0.556      617    0.073
        3  2n4          628      0.419      512    0.037
        3  2n5         1154      0.575      640    0.095
        3  2n6         1110      0.830      633    0.160
        3  2n7          970      0.554      622    0.088
        3  2n8         1245      0.317      630    0.079
        3  2n9         1225      0.592      640    0.163
        3  2n10         941      0.600      605    0.088
        3  2n11         953      0.376      629    0.102
        3  2n12        3459      0.315      640    0.184
        3  2n13        2149      0.449      640    0.169
        3  2n14         959      0.639      610    0.052
        3  2n15        1205      0.272      640    0.103
        4  2n0         1190      0.464      761    0.021
        4  2n1         1464      0.512      768    0.023
        4  2n2         1533      0.397      768    0.062
        4  2n3         1520      0.494      765    0.024
        4  2n4          925      0.342      689    0.046
        4  2n5         1324      0.383      768    0.044
        4  2n6         1530      0.831      768    0.038
        4  2n7         1427      0.462      768    0.059
        4  2n8         1503      0.346      768    0.059
        4  2n9         1184      0.335      761    0.054
        4  2n10        1186      0.653      750    0.041
        4  2n11        1020      0.539      704    0.013
        4  2n12        5830      0.177      768    0.040
        4  2n13        2751      0.443      768    0.100
        4  2n14        2074      0.412      768    0.210
        4  2n15        2308      0.276      768    0.082
        5  2n0         1269      0.407      576    0.023
        5  2n1          792      0.451      548    0.007
        5  2n2         1161      0.333      576    0.003
        5  2n3          949      0.474      576    0.031
        5  2n4          685      0.666      554    0.014
        5  2n5          993      0.331      556    0.009
        5  2n6          917      0.591      576    0.000
        5  2n7          895      0.428      552    0.013
        5  2n8         1058      0.274      559    0.018
        5  2n9         1250      0.350      563    0.062
        5  2n10        1692      0.395      576    0.066
        5  2n11        1034      0.241      576    0.050
        5  2n12        4327      0.229      576    0.030
        5  2n13        3115      0.335      576    0.023
        5  2n14        1338      0.531      576    0.017
        5  2n15        1706      0.124      576    0.042

    voi3b_comp_pr_yk:
      era  cell     contains n    contains   rep n     rep
        1  2n0         2016      0.487      809    0.193
        1  2n1         2038      0.432      832    0.207
        1  2n2         2059      0.486      832    0.269
        1  2n3         1636      0.417      808    0.168
        1  2n4         1672      0.456      796    0.224
        1  2n5         1971      0.500      812    0.297
        1  2n6         1821      0.726      825    0.287
        1  2n7         1819      0.528      832    0.315
        1  2n8         1974      0.441      832    0.172
        1  2n9         1863      0.440      832    0.160
        1  2n10        1648      0.658      731    0.298
        1  2n11        1913      0.385      832    0.139
        1  2n12        1807      0.345      817    0.477
        1  2n13        2300      0.526      832    0.285
        1  2n14        1655      0.727      827    0.274
        1  2n15        2223      0.410      814    0.260
        2  2n0         1656      0.507     1084    0.231
        2  2n1         2026      0.495     1060    0.174
        2  2n2         2211      0.635     1086    0.218
        2  2n3         2024      0.434     1088    0.105
        2  2n4         1194      0.415      982    0.172
        2  2n5         1899      0.530     1088    0.180
        2  2n6         1946      0.755     1077    0.155
        2  2n7         1800      0.569     1026    0.187
        2  2n8         2134      0.457     1088    0.211
        2  2n9         1636      0.445     1049    0.109
        2  2n10        1324      0.754     1027    0.167
        2  2n11        1367      0.507     1022    0.169
        2  2n12        2418      0.594     1063    0.516
        2  2n13        2604      0.416     1088    0.252
        2  2n14        1577      0.637     1083    0.191
        2  2n15        2247      0.377     1088    0.222
        3  2n0         1198      0.536      640    0.142
        3  2n1         1063      0.564      609    0.108
        3  2n2         1120      0.608      640    0.069
        3  2n3          949      0.625      621    0.113
        3  2n4          664      0.663      545    0.185
        3  2n5         1186      0.609      636    0.113
        3  2n6         1424      0.771      640    0.134
        3  2n7          944      0.609      637    0.104
        3  2n8         1356      0.422      631    0.136
        3  2n9         1045      0.581      633    0.128
        3  2n10         918      0.670      638    0.108
        3  2n11         977      0.414      640    0.113
        3  2n12        2908      0.366      640    0.177
        3  2n13        2764      0.382      640    0.312
        3  2n14        1067      0.712      640    0.178
        3  2n15        1532      0.347      640    0.177
        4  2n0         1247      0.423      747    0.071
        4  2n1         1248      0.591      741    0.127
        4  2n2         1391      0.698      760    0.108
        4  2n3         1931      0.450      768    0.039
        4  2n4          888      0.524      658    0.081
        4  2n5         1713      0.510      767    0.064
        4  2n6         1732      0.784      768    0.116
        4  2n7         1060      0.627      734    0.110
        4  2n8         1629      0.413      768    0.068
        4  2n9         1026      0.458      730    0.063
        4  2n10        1319      0.659      758    0.090
        4  2n11        1149      0.467      768    0.081
        4  2n12        5704      0.209      768    0.047
        4  2n13        4374      0.313      768    0.137
        4  2n14        1955      0.601      768    0.151
        4  2n15        2484      0.223      768    0.099
        5  2n0          872      0.523      576    0.038
        5  2n1          893      0.557      561    0.059
        5  2n2         1330      0.685      575    0.087
        5  2n3         1236      0.475      576    0.050
        5  2n4          526      0.637      444    0.043
        5  2n5         1161      0.529      576    0.019
        5  2n6         1014      0.794      574    0.124
        5  2n7          834      0.547      553    0.040
        5  2n8         1470      0.283      576    0.071
        5  2n9         1165      0.362      576    0.108
        5  2n10        1407      0.335      576    0.080
        5  2n11        1027      0.144      566    0.065
        5  2n12        3734      0.353      576    0.028
        5  2n13        4443      0.322      576    0.075
        5  2n14        1360      0.665      576    0.068
        5  2n15        2134      0.254      576    0.089

    voi3b_comp_yk:
      era  cell     contains n    contains   rep n     rep
        1  2n0         2104      0.496      832    0.248
        1  2n1         1922      0.459      832    0.256
        1  2n2         1901      0.490      803    0.239
        1  2n3         1806      0.395      832    0.224
        1  2n4         1969      0.420      828    0.231
        1  2n5         1865      0.466      830    0.255
        1  2n6         1899      0.692      832    0.297
        1  2n7         1997      0.465      800    0.270
        1  2n8         2109      0.372      832    0.183
        1  2n9         1821      0.344      811    0.252
        1  2n10        1694      0.650      784    0.292
        1  2n11        1646      0.459      768    0.147
        1  2n12        1629      0.352      762    0.517
        1  2n13        2378      0.480      832    0.240
        1  2n14        1635      0.678      789    0.293
        1  2n15        2239      0.388      832    0.151
        2  2n0         1621      0.567     1088    0.219
        2  2n1         1914      0.446     1070    0.119
        2  2n2         1956      0.602     1081    0.240
        2  2n3         1742      0.413     1056    0.162
        2  2n4         1406      0.559      997    0.155
        2  2n5         1936      0.481     1074    0.121
        2  2n6         1962      0.734     1083    0.182
        2  2n7         1957      0.639     1050    0.215
        2  2n8         1784      0.450     1041    0.188
        2  2n9         2127      0.407     1073    0.201
        2  2n10        1317      0.577      974    0.191
        2  2n11        1834      0.561     1081    0.190
        2  2n12        2244      0.567     1088    0.473
        2  2n13        2673      0.391     1088    0.290
        2  2n14        1726      0.534     1040    0.195
        2  2n15        2387      0.373     1088    0.205
        3  2n0         1112      0.524      640    0.141
        3  2n1         1069      0.457      619    0.092
        3  2n2          878      0.559      608    0.191
        3  2n3         1021      0.537      615    0.072
        3  2n4          912      0.582      584    0.146
        3  2n5         1184      0.584      640    0.075
        3  2n6         1251      0.737      640    0.161
        3  2n7         1096      0.555      640    0.122
        3  2n8         1190      0.303      640    0.108
        3  2n9         1385      0.532      640    0.148
        3  2n10         938      0.588      596    0.124
        3  2n11        1136      0.458      630    0.110
        3  2n12        2864      0.393      640    0.250
        3  2n13        3003      0.444      640    0.244
        3  2n14         999      0.618      633    0.118
        3  2n15        1507      0.301      640    0.189
        4  2n0         1469      0.560      768    0.085
        4  2n1         1110      0.538      768    0.111
        4  2n2         1118      0.641      729    0.086
        4  2n3         1344      0.501      756    0.083
        4  2n4         1150      0.503      755    0.053
        4  2n5         1493      0.429      764    0.041
        4  2n6         1647      0.819      768    0.090
        4  2n7         1173      0.574      718    0.099
        4  2n8         1661      0.370      760    0.080
        4  2n9         1636      0.380      766    0.040
        4  2n10        1220      0.625      762    0.035
        4  2n11        1255      0.441      757    0.029
        4  2n12        5808      0.208      768    0.057
        4  2n13        4931      0.362      768    0.122
        4  2n14        2109      0.493      768    0.145
        4  2n15        2828      0.270      768    0.105
        5  2n0         1224      0.514      576    0.049
        5  2n1          829      0.598      576    0.101
        5  2n2         1009      0.670      576    0.031
        5  2n3         1021      0.393      551    0.044
        5  2n4          966      0.633      561    0.012
        5  2n5         1063      0.435      576    0.038
        5  2n6         1154      0.842      567    0.056
        5  2n7          972      0.641      572    0.051
        5  2n8         1190      0.248      576    0.127
        5  2n9         1223      0.271      573    0.084
        5  2n10        1301      0.310      576    0.059
        5  2n11        1284      0.269      576    0.036
        5  2n12        3494      0.292      576    0.023
        5  2n13        4528      0.355      576    0.068
        5  2n14        1330      0.502      576    0.075
        5  2n15        2449      0.227      576    0.040

====================================================================================================
[F] THE IN-SITU READ-BACK — the number DESIGN §15 says decides whether Q2's
    `own_readback` has anything to read
====================================================================================================
    The frozen reader run on the span the learner just wrote, IN PLACE, quotiented
    through the arm's own class map and tallied against the record's class. Never
    summed with the verdict. Q0 §4: the STRUCTURAL disagreement on the token class is
    0.000 by construction on this draw, so everything here is the neural ear plus the
    learned quotient.

    voi3_dp:
      era  cell         n   class_agree  tuple_agree   unnamed
        1  2n0       1154       0.997       0.997     0.000
        1  2n1       1124       1.000       1.000     0.000
        1  2n2       1190       1.000       1.000     0.000
        1  2n3       1134       0.996       0.996     0.000
        1  2n4       1101       0.960       0.960     0.000
        1  2n5       1186       1.000       1.000     0.000
        1  2n6       1209       1.000       1.000     0.000
        1  2n7       1211       0.997       0.997     0.000
        1  2n8       1192       0.994       0.994     0.000
        1  2n9       1208       0.998       0.998     0.000
        1  2n10      1109       0.988       0.988     0.000
        1  2n11      1209       0.978       0.978     0.000
        1  2n12       927       0.992       0.992     0.000
        1  2n13      1231       0.994       0.994     0.000
        1  2n14      1020       0.995       0.995     0.000
        1  2n15      1110       1.000       1.000     0.000
        2  2n0       1492       0.997       0.997     0.000
        2  2n1       1411       0.996       0.996     0.000
        2  2n2       1445       0.997       0.997     0.000
        2  2n3       1526       0.984       0.984     0.000
        2  2n4       1250       0.966       0.966     0.000
        2  2n5       1517       0.972       0.972     0.000
        2  2n6       1431       1.000       1.000     0.000
        2  2n7       1501       0.991       0.991     0.000
        2  2n8       1516       0.988       0.988     0.000
        2  2n9       1425       1.000       1.000     0.000
        2  2n10      1284       0.900       0.900     0.000
        2  2n11      1344       0.961       0.961     0.000
        2  2n12      1585       1.000       1.000     0.000
        2  2n13      1576       1.000       1.000     0.000
        2  2n14      1524       0.963       0.963     0.000
        2  2n15      1566       0.988       0.988     0.000
        3  2n0        867       1.000       1.000     0.000
        3  2n1        850       1.000       1.000     0.000
        3  2n2        948       0.948       0.948     0.000
        3  2n3        844       1.000       1.000     0.000
        3  2n4        614       0.915       0.915     0.000
        3  2n5        920       1.000       1.000     0.000
        3  2n6        880       0.992       0.992     0.000
        3  2n7        845       0.949       0.949     0.000
        3  2n8        912       0.967       0.967     0.000
        3  2n9        960       1.000       1.000     0.000
        3  2n10       842       0.867       0.867     0.000
        3  2n11       836       0.983       0.983     0.000
        3  2n12       960       1.000       1.000     0.000
        3  2n13       960       0.958       0.958     0.000
        3  2n14       834       0.969       0.969     0.000
        3  2n15       927       0.985       0.985     0.000
        4  2n0       1000       0.955       0.955     0.000
        4  2n1       1107       0.970       0.970     0.000
        4  2n2       1079       0.989       0.989     0.000
        4  2n3       1091       0.991       0.991     0.000
        4  2n4        868       0.980       0.980     0.000
        4  2n5       1089       1.000       1.000     0.000
        4  2n6       1122       0.918       0.918     0.000
        4  2n7       1142       0.846       0.846     0.000
        4  2n8       1117       0.981       0.981     0.000
        4  2n9       1046       0.993       0.993     0.000
        4  2n10      1024       0.908       0.908     0.000
        4  2n11       906       0.955       0.955     0.000
        4  2n12      1152       0.997       0.997     0.000
        4  2n13      1152       0.980       0.980     0.000
        4  2n14      1147       0.938       0.938     0.000
        4  2n15      1152       0.957       0.957     0.000
        5  2n0        864       0.964       0.964     0.000
        5  2n1        725       0.954       0.954     0.000
        5  2n2        854       0.948       0.948     0.000
        5  2n3        828       0.982       0.982     0.000
        5  2n4        674       0.955       0.955     0.000
        5  2n5        747       0.988       0.988     0.000
        5  2n6        794       0.859       0.859     0.000
        5  2n7        754       0.818       0.818     0.000
        5  2n8        787       0.996       0.996     0.000
        5  2n9        809       0.984       0.984     0.000
        5  2n10       859       0.887       0.887     0.000
        5  2n11       830       0.951       0.951     0.000
        5  2n12       864       0.997       0.997     0.000
        5  2n13       864       0.984       0.984     0.000
        5  2n14       826       0.831       0.831     0.000
        5  2n15       851       0.948       0.948     0.000

    voi3b_comp_pr_yk:
      era  cell         n   class_agree  tuple_agree   unnamed
        1  2n0       1125       0.966       0.966     0.000
        1  2n1       1228       1.000       1.000     0.000
        1  2n2       1161       0.984       0.984     0.000
        1  2n3       1118       0.969       0.969     0.000
        1  2n4       1048       0.969       0.969     0.000
        1  2n5       1147       0.986       0.986     0.000
        1  2n6       1140       0.972       0.972     0.000
        1  2n7       1135       0.974       0.974     0.000
        1  2n8       1195       0.978       0.978     0.000
        1  2n9       1143       0.979       0.979     0.000
        1  2n10       920       0.960       0.960     0.000
        1  2n11      1150       0.979       0.979     0.000
        1  2n12      1073       0.994       0.994     0.000
        1  2n13      1248       0.982       0.982     0.000
        1  2n14      1138       0.978       0.978     0.000
        1  2n15      1141       0.995       0.995     0.000
        2  2n0       1425       1.000       1.000     0.000
        2  2n1       1495       1.000       1.000     0.000
        2  2n2       1598       1.000       1.000     0.000
        2  2n3       1543       1.000       1.000     0.000
        2  2n4       1159       1.000       1.000     0.000
        2  2n5       1538       0.994       0.994     0.000
        2  2n6       1561       1.000       1.000     0.000
        2  2n7       1436       1.000       1.000     0.000
        2  2n8       1579       0.996       0.996     0.000
        2  2n9       1415       1.000       1.000     0.000
        2  2n10      1284       0.991       0.991     0.000
        2  2n11      1256       1.000       1.000     0.000
        2  2n12      1530       1.000       1.000     0.000
        2  2n13      1621       1.000       1.000     0.000
        2  2n14      1411       1.000       1.000     0.000
        2  2n15      1580       1.000       1.000     0.000
        3  2n0        902       1.000       1.000     0.000
        3  2n1        843       1.000       1.000     0.000
        3  2n2        921       1.000       1.000     0.000
        3  2n3        823       1.000       1.000     0.000
        3  2n4        650       0.998       0.998     0.000
        3  2n5        895       1.000       1.000     0.000
        3  2n6        939       0.990       0.990     0.000
        3  2n7        854       1.000       1.000     0.000
        3  2n8        919       0.999       0.999     0.000
        3  2n9        871       1.000       1.000     0.000
        3  2n10       843       0.956       0.956     0.000
        3  2n11       850       1.000       1.000     0.000
        3  2n12       960       1.000       1.000     0.000
        3  2n13       960       1.000       1.000     0.000
        3  2n14       902       1.000       1.000     0.000
        3  2n15       949       1.000       1.000     0.000
        4  2n0       1008       1.000       1.000     0.000
        4  2n1        978       1.000       1.000     0.000
        4  2n2       1076       1.000       1.000     0.000
        4  2n3       1152       1.000       1.000     0.000
        4  2n4        801       0.995       0.995     0.000
        4  2n5       1094       1.000       1.000     0.000
        4  2n6       1146       0.984       0.984     0.000
        4  2n7        938       1.000       1.000     0.000
        4  2n8       1122       0.988       0.988     0.000
        4  2n9        949       1.000       1.000     0.000
        4  2n10      1034       0.992       0.992     0.000
        4  2n11      1055       1.000       1.000     0.000
        4  2n12      1152       1.000       1.000     0.000
        4  2n13      1152       1.000       1.000     0.000
        4  2n14      1114       1.000       1.000     0.000
        4  2n15      1152       1.000       1.000     0.000
        5  2n0        806       0.999       0.999     0.000
        5  2n1        779       1.000       1.000     0.000
        5  2n2        831       1.000       1.000     0.000
        5  2n3        853       1.000       1.000     0.000
        5  2n4        514       0.868       0.868     0.000
        5  2n5        835       1.000       1.000     0.000
        5  2n6        794       0.985       0.985     0.000
        5  2n7        727       1.000       1.000     0.000
        5  2n8        828       0.987       0.987     0.000
        5  2n9        855       1.000       1.000     0.000
        5  2n10       864       0.997       0.997     0.000
        5  2n11       796       1.000       1.000     0.000
        5  2n12       864       0.971       0.971     0.000
        5  2n13       864       1.000       1.000     0.000
        5  2n14       841       1.000       1.000     0.000
        5  2n15       864       1.000       1.000     0.000

    voi3b_comp_yk:
      era  cell         n   class_agree  tuple_agree   unnamed
        1  2n0       1228       0.969       0.969     0.000
        1  2n1       1181       1.000       1.000     0.000
        1  2n2       1137       0.984       0.984     0.000
        1  2n3       1202       0.971       0.971     0.000
        1  2n4       1182       0.973       0.973     0.000
        1  2n5       1172       0.986       0.986     0.000
        1  2n6       1215       0.974       0.974     0.000
        1  2n7       1167       0.974       0.974     0.000
        1  2n8       1229       0.979       0.979     0.000
        1  2n9       1103       0.978       0.978     0.000
        1  2n10      1025       0.964       0.964     0.000
        1  2n11      1017       0.976       0.976     0.000
        1  2n12       928       0.994       0.994     0.000
        1  2n13      1248       0.982       0.982     0.000
        1  2n14      1085       0.977       0.977     0.000
        1  2n15      1187       0.995       0.995     0.000
        2  2n0       1491       0.994       0.994     0.000
        2  2n1       1533       0.999       0.999     0.000
        2  2n2       1548       0.999       0.999     0.000
        2  2n3       1447       1.000       1.000     0.000
        2  2n4       1237       1.000       1.000     0.000
        2  2n5       1518       1.000       1.000     0.000
        2  2n6       1536       1.000       1.000     0.000
        2  2n7       1463       1.000       1.000     0.000
        2  2n8       1443       0.999       0.999     0.000
        2  2n9       1584       1.000       1.000     0.000
        2  2n10      1242       1.000       1.000     0.000
        2  2n11      1458       0.951       0.951     0.000
        2  2n12      1570       1.000       1.000     0.000
        2  2n13      1631       1.000       1.000     0.000
        2  2n14      1493       1.000       1.000     0.000
        2  2n15      1616       0.980       0.980     0.000
        3  2n0        904       1.000       1.000     0.000
        3  2n1        837       1.000       1.000     0.000
        3  2n2        804       1.000       1.000     0.000
        3  2n3        871       1.000       1.000     0.000
        3  2n4        776       1.000       1.000     0.000
        3  2n5        927       1.000       1.000     0.000
        3  2n6        885       1.000       1.000     0.000
        3  2n7        904       1.000       1.000     0.000
        3  2n8        926       1.000       1.000     0.000
        3  2n9        931       1.000       1.000     0.000
        3  2n10       837       1.000       1.000     0.000
        3  2n11       871       1.000       1.000     0.000
        3  2n12       960       1.000       1.000     0.000
        3  2n13       960       1.000       1.000     0.000
        3  2n14       869       1.000       1.000     0.000
        3  2n15       941       1.000       1.000     0.000
        4  2n0       1151       1.000       1.000     0.000
        4  2n1       1026       1.000       1.000     0.000
        4  2n2        998       0.999       0.999     0.000
        4  2n3       1082       1.000       1.000     0.000
        4  2n4       1053       1.000       1.000     0.000
        4  2n5       1096       1.000       1.000     0.000
        4  2n6       1127       1.000       1.000     0.000
        4  2n7        969       1.000       1.000     0.000
        4  2n8       1112       0.999       0.999     0.000
        4  2n9       1116       0.997       0.997     0.000
        4  2n10       986       1.000       1.000     0.000
        4  2n11      1018       1.000       1.000     0.000
        4  2n12      1152       1.000       1.000     0.000
        4  2n13      1152       1.000       1.000     0.000
        4  2n14      1140       1.000       1.000     0.000
        4  2n15      1152       1.000       1.000     0.000
        5  2n0        834       1.000       1.000     0.000
        5  2n1        738       1.000       1.000     0.000
        5  2n2        840       0.989       0.989     0.000
        5  2n3        762       1.000       1.000     0.000
        5  2n4        766       1.000       1.000     0.000
        5  2n5        830       1.000       1.000     0.000
        5  2n6        822       1.000       1.000     0.000
        5  2n7        805       1.000       1.000     0.000
        5  2n8        835       1.000       1.000     0.000
        5  2n9        828       1.000       1.000     0.000
        5  2n10       864       1.000       1.000     0.000
        5  2n11       843       0.977       0.977     0.000
        5  2n12       864       0.964       0.964     0.000
        5  2n13       864       0.997       0.997     0.000
        5  2n14       864       1.000       1.000     0.000
        5  2n15       864       1.000       1.000     0.000

====================================================================================================
[G] THE RECORD'S VOLUME AND THE OBJECTIVE'S DIET
====================================================================================================
    `filed` writes kept by the beam and on a graded tip; `solved` their verdict;
    `unnamed` training rows whose recorded class has no member in the current table
    (the argmax arms' own hazard — DESIGN §14); `verify_bad` gate V-1's counter.

    arm                    written    filed   solved%   unnamed   verify   v_bad   buf(last, max over slots)
    voi3_dp                    485279   132113    0.127         0   132113       0   8192
    voi3b_comp_pr_yk           498662   137049    0.155         0   137049       0   8192
    voi3b_comp_yk              510488   139734    0.153         0   139734       0   8192

====================================================================================================
[H] ARRIVAL, CLASS COVERAGE, MERGES AND THE BILL
====================================================================================================
    arm                   L5@sup(end) L6@sup(end)  L4 classes(end)  merges taken  exp_reads   t_cum
    voi3_dp                           0           0              23            10     870547    25696134
    voi3b_comp_pr_yk                  0           0              20            15     874146    25760474
    voi3b_comp_yk                     0           0              32            13     871245    25697158
    vo_s3:voi3_dp                    17           3              26            44    2288898    51208256
    vo_s3b:voi3b_comp_yk              8           2              21            43    2283467    51135949
    vo_s3b:voi3b_comp_pr_yk          12           1              26            37    2269032    51358593

====================================================================================================
[I] ERA-4/5 ERROR — with the caveat
====================================================================================================
    `enharmonic`'s matched-clock gaps between near-identical arms reach 0.08, and these
    arms are SELF-PACED and lived different numbers of cycles, so error is NOT a claim
    here. The structural readouts above are.

    arm                   era1  era2  era3  era4  era5
    voi3_dp                  0.464  0.594  0.881  0.939  0.960
    voi3b_comp_pr_yk         0.468  0.598  0.863  0.918  0.952
    voi3b_comp_yk            0.469  0.580  0.829  0.927  0.958
    vo_s3:voi3_dp            0.499  0.620  0.613  0.671  0.773
    vo_s3b:voi3b_comp_yk     0.502  0.624  0.565  0.588  0.550
    vo_s3b:voi3b_comp_pr_yk  0.501  0.614  0.532  0.644  0.703

====================================================================================================
[J] THE CRITIC — held-out AUC against the verdict, per slot, over the run
====================================================================================================
    The held-out split is by the parity gate's own BIJECTIVE row code, not a coin flip,
    so a context recurring across cycles cannot sit on both sides. `auc` is None where
    one class is absent on the held-out rows — an AUC is undefined then, and saying so
    beats reporting 0.5. DENOMINATORS AND BASE RATES ARE PART OF THE READING: the
    preflight's AUCs sat on 16-26 rows at base rate 0.045-0.08 and were a path check.

    [Q3] THE TWO DIETS ARE READ APART and are NEVER pooled. The filed rows are the
    practice beam's own writes — a narrow, self-selected candidate set (Q0 finding 3:
    at the frontier almost every write falls in one token class) — and the probe rows
    are the babbler's substitutions, a DIFFERENT class by construction. A pooled AUC
    would read that candidate-set difference as discrimination. Both columns carry
    their own denominator and base rate.

    voi3_dp: no critic.
    voi3b_comp_pr_yk:
      FILED rows                                              PROBE rows [Q3]
      slot   reads  n(last) base(last)  auc f/med/last  >.5   n(last) base(last)  auc f/med/last  >.5
      2:0       60      582      0.127  0.947/0.588/0.504  0.74       298      0.037  0.308/0.638/0.677  0.95
      2:1       61      735      0.193  0.035/0.636/0.714  0.96       373      0.029  0.744/0.530/0.668  0.69
      2:2       60      712      0.152  0.562/0.497/0.603  0.47       358      0.042  0.686/0.548/0.680  0.65
      2:3       61      845      0.076  0.019/0.673/0.663  0.97       432      0.021  0.691/0.773/0.755  1.00
      2:4       61      558      0.118  0.623/0.515/0.553  0.54       402      0.022  0.800/0.556/0.609  0.72
      2:5       61      698      0.138  0.000/0.620/0.582  0.98       321      0.040  0.319/0.687/0.785  0.75
      2:6       60      898      0.157  0.941/0.738/0.647  1.00       412      0.017  0.881/0.715/0.740  1.00
      2:7       61      677      0.168  0.069/0.700/0.713  0.97       404      0.025  0.444/0.543/0.534  0.80
      2:8       61      856      0.159  0.131/0.643/0.628  0.98       391      0.036  0.973/0.672/0.705  1.00
      2:9       61      683      0.083  0.545/0.687/0.654  0.97       356      0.017  0.250/0.669/0.705  0.84
      2:10      61      675      0.212  0.231/0.585/0.527  0.85       385      0.042  0.722/0.451/0.535  0.17
      2:11      61      577      0.142  0.391/0.812/0.680  0.95       347      0.049  0.896/0.772/0.748  0.96
      2:12      61      817      0.109  0.861/0.714/0.768  0.82       356      0.042  0.500/0.683/0.658  0.98
      2:13      61      791      0.091  0.141/0.602/0.568  0.92       388      0.070  0.422/0.558/0.741  0.59
      2:14      61      850      0.208  0.788/0.598/0.639  0.71       434      0.037  0.674/0.621/0.694  0.75
      2:15      61      748      0.114  0.564/0.599/0.476  0.67       394      0.048  0.190/0.431/0.415  0.09

    voi3b_comp_yk:
      FILED rows                                              PROBE rows [Q3]
      slot   reads  n(last) base(last)  auc f/med/last  >.5   n(last) base(last)  auc f/med/last  >.5
      2:0       60      623      0.093  0.940/0.507/0.483  0.53         0          -          (no probe)   
      2:1       61      758      0.090  0.926/0.864/0.816  1.00         0          -          (no probe)   
      2:2       60      649      0.136  0.562/0.522/0.502  0.60         0          -          (no probe)   
      2:3       61      666      0.089  0.019/0.685/0.617  0.97         0          -          (no probe)   
      2:4       61      745      0.149  0.623/0.494/0.486  0.49         0          -          (no probe)   
      2:5       61      841      0.150  0.000/0.711/0.726  0.97         0          -          (no probe)   
      2:6       60      753      0.205  0.753/0.536/0.569  0.65         0          -          (no probe)   
      2:7       61      820      0.126  0.069/0.800/0.619  0.97         0          -          (no probe)   
      2:8       61      915      0.186  0.131/0.608/0.535  0.97         0          -          (no probe)   
      2:9       61      814      0.198  0.545/0.642/0.643  0.98         0          -          (no probe)   
      2:10      61      669      0.175  0.231/0.765/0.591  0.98         0          -          (no probe)   
      2:11      61      638      0.119  0.391/0.517/0.585  0.67         0          -          (no probe)   
      2:12      61      810      0.132  0.861/0.602/0.663  0.89         0          -          (no probe)   
      2:13      61      811      0.096  0.141/0.671/0.687  0.97         0          -          (no probe)   
      2:14      61      778      0.143  0.000/0.651/0.579  0.75         0          -          (no probe)   
      2:15      61      885      0.116  0.564/0.685/0.539  0.97         0          -          (no probe)   

====================================================================================================
[K] EPSILON — its OWN counters, and the frontier it is confined to
====================================================================================================
    `n_eps` counts calls where epsilon FIRED; `eps_shift` those where the uniform class
    draw actually changed the write (it is below `n_eps` because a uniform draw can land
    on the class the argmax would have written). These are separate from `shift`, which
    also counts the CRITIC re-deciding — on a governed arm the two are not separable
    from `shift` alone. Q1 §19 is why the frontier confinement exists at all.

    voi3_dp: epsilon never fired (argmax arm).

    voi3b_comp_pr_yk: epsilon never fired (argmax arm).

    voi3b_comp_yk: epsilon never fired (argmax arm).

====================================================================================================
[L] GOVERNANCE — which slots the critic earned, when, and how often it moved the write
====================================================================================================
    A slot is governed once it holds `vo_critic_min` filed rows. `shift - eps_shift`
    is the part of the re-decision the CRITIC is responsible for.

    voi3_dp: the critic governed no slot.

    voi3b_comp_pr_yk:  16 slots governed
      slot   first  last   calls     critic-moved share
      2:0   c48    c108     38910               0.602
      2:1   c48    c108     46667               0.580
      2:2   c48    c108     73477               0.488
      2:3   c48    c108     82077               0.497
      2:4   c48    c108     37546               0.680
      2:5   c48    c108     34659               0.618
      2:6   c48    c108     69378               0.440
      2:7   c48    c108     36932               0.620
      2:8   c48    c108     66280               0.508
      2:9   c48    c108     37531               0.625
      2:10  c48    c108     44771               0.613
      2:11  c48    c108     33328               0.715
      2:12  c48    c108    473434               0.241
      2:13  c48    c108    262281               0.191
      2:14  c48    c108     69351               0.436
      2:15  c48    c108    116899               0.409

    voi3b_comp_yk:  16 slots governed
      slot   first  last   calls     critic-moved share
      2:0   c48    c108     49504               0.418
      2:1   c48    c108     42022               0.653
      2:2   c48    c108     42077               0.560
      2:3   c48    c108     44901               0.535
      2:4   c48    c108     58579               0.541
      2:5   c48    c108     40061               0.560
      2:6   c48    c108     66429               0.512
      2:7   c48    c108     51158               0.457
      2:8   c48    c108     45328               0.626
      2:9   c48    c108     63647               0.448
      2:10  c48    c108     34429               0.666
      2:11  c48    c108     52331               0.659
      2:12  c48    c108    474835               0.260
      2:13  c48    c108    323401               0.237
      2:14  c48    c108     70139               0.400
      2:15  c48    c108    133717               0.413

====================================================================================================
[M] THE CORRIDOR UNDER A MOVED WRITE — misfire with the treatment's own draws removed
====================================================================================================
    `n_misfire` counts FIRED rows (the head executed) whose span did not match
    `dp_features` exactly. Where the treatment RE-DECIDED the write, a mismatch with the
    DP's row IS the treatment and not a defect — so the raw rate is not the corridor's
    health on a treated arm.

    [Q3] THE SPLIT Q2 COULD NOT MAKE. `n_sampled` / `n_xp_shift` count every
    re-decided call, OPEN and CLOSED alike, and `n_fired` counts only calls the head
    executed — so on an arm whose corridor is mostly shut, Q2's `shift - misfire` was
    a subtraction across two different denominators and `excess` had to be withheld
    wherever `shift > n_misfire`. The recorder now tallies the shift BY PATH
    (`n_shift_fired` / `n_shift_closed`), so `excess` below is
        (n_misfire - shift_FIRED) / n_fired
    on the same denominator throughout. It is the misfire the moved write does NOT
    explain. A negative value means the head matched the DP on rows the treatment had
    moved — possible, and printed rather than clipped. Q2's undecomposable form is kept
    in the last two columns so a Q2 tag reduces to the same numbers it did.

    arm                    open max/last  n_fired    misfire   shift_fire  shift_clos   excess    [Q2 form]
    voi3_dp                    16 /   16    1039610    0.0873           0           0    0.0873   shift/sampled 0.0000 excess 0.0873
    voi3b_comp_pr_yk           16 /   16    1172054    0.3206      276732      301426    0.0845   shift/sampled 0.3795 excess n/a
    voi3b_comp_yk              16 /   15    1239091    0.2765      308891      296100    0.0273   shift/sampled 0.3799 excess n/a

    n_open per 10 cycles:
      voi3_dp                  0   0   0   0   0  13  16  16  16  16  16
      voi3b_comp_pr_yk         0   0   0   0   0  11  16  16  16  16  16
      voi3b_comp_yk            0   0   0   0   0   4  16  16  16  16  15

====================================================================================================
[N] THE COMPOSED CHOICE — how often the critic moved the write off the DP's row
====================================================================================================
    On a governed slot the composed chooser is  argmax_t  z(dp_t / span) + w * z(critic_t)
    over the on-table candidates, each z-scored over the candidate SET. `moved` is the
    share of governed calls where that argmax is not the DP's own argmax — MEASURED at
    the choice, never inferred from the write.

    `dp_vs_head` is printed beside it and is a DIFFERENT quantity: on an OPEN slot the
    executor's own would-be write is the head's emission, not the DP's row, so the two
    priors already disagree before the critic is consulted. Reading `moved` without it
    would attribute that standing disagreement to the critic. It is 0 on a closed slot
    by construction (there the DP IS the writer).

    A `moved` share near 0 says the critic is decorative at this w; near 1 says the DP
    is. Neither is a defect and neither is read as one here.

    voi3_dp: no composed choice (governance off, or a Q2 tag).

    voi3b_comp_pr_yk:  mode=composed  w=1.0
      cell    governed calls      moved   share    dp_vs_head share
      2n0              38910      24850   0.639              0.097
      2n1              46667      30465   0.653              0.123
      2n2              73477      39256   0.534              0.082
      2n3              82077      48522   0.591              0.150
      2n4              37546      26410   0.703              0.086
      2n5              34659      23133   0.667              0.082
      2n6              69378      34118   0.492              0.073
      2n7              36932      23647   0.640              0.050
      2n8              66280      37439   0.565              0.121
      2n9              37531      24258   0.646              0.083
      2n10             44771      28662   0.640              0.064
      2n11             33328      25095   0.753              0.080
      2n12            473434     139647   0.295              0.163
      2n13            262281      64125   0.244              0.115
      2n14             69351      36862   0.532              0.123
      2n15            116899      59914   0.513              0.167
      ALL            1523521     666403   0.437

    voi3b_comp_yk:  mode=composed  w=1.0
      cell    governed calls      moved   share    dp_vs_head share
      2n0              49504      22258   0.450              0.085
      2n1              42022      28205   0.671              0.101
      2n2              42077      23575   0.560              0.060
      2n3              44901      25621   0.571              0.108
      2n4              58579      33789   0.577              0.123
      2n5              40061      23467   0.586              0.062
      2n6              66429      37761   0.568              0.107
      2n7              51158      24240   0.474              0.070
      2n8              45328      28890   0.637              0.124
      2n9              63647      29108   0.457              0.094
      2n10             34429      23196   0.674              0.059
      2n11             52331      38061   0.727              0.137
      2n12            474835     115277   0.243              0.164
      2n13            323401      79056   0.244              0.106
      2n14             70139      30528   0.435              0.099
      2n15            133717      61643   0.461              0.153
      ALL            1592558     624675   0.392

====================================================================================================
[O] BABBLING OFF-STREAM — the probe's counts, what it graded, and its share of the bill
====================================================================================================
    Per governed slot per cycle, up to `vo_probe_n` filed contexts: the trajectory's
    FINAL configuration with a DIFFERENT on-table class substituted at that slot,
    rendered and graded once. The verdict answers 'would this write ALONE have been
    right, holding the rest of the trajectory fixed' — not 'would the beam have
    solved it'; the rest of the trajectory is the beam's own, unchanged. Said here
    because the probe's solve rate is only comparable to the FILED rate under that
    reading.

    PRICED: every probe grading is a grounding on the meter at `d_fb`, inside the
    cycle's own ledger. `share` below is of the WHOLE cycle's priced ledger, the
    probe's own cost included — the number the design's ~5% cap is stated against.
    Gate V-4B asserts the bill moved by exactly the probe count and gate V-5 that
    nothing else did.

    arm                    probes   graded    solved   solve rate    bill: mean / max    cycles billed
    voi3_dp                (no probe)
    voi3b_comp_pr_yk        60180    60180      2147       0.0357    0.0044 / 0.0046         60 / 108
    voi3b_comp_yk          (no probe)

    the FILED solve rate on the same slots, for the comparison the reading above
    licenses (both are per-write verdicts; the filed one is on the write that was
    actually made, the probe one on a substitution into the same final state):
      voi3b_comp_pr_yk       filed   21199/137049  = 0.1547    probe    2147/60180   = 0.0357

    the bill per era, so a share that grows with the ladder is visible:
      voi3b_comp_pr_yk       e1:0.0008  e2:0.0039  e3:0.0045  e4:0.0045  e5:0.0045

====================================================================================================
[Y] THE CLOCK YOKES — realised against planned (gate Y-1's check, post hoc)
====================================================================================================
    A clock yoke replays its source's realised commit and advance CYCLES and decides
    nothing else. That is the round's whole control: the chooser is read at L4 and L5
    with the same slots open at the same cycles as the anchor, so a level-resolved
    readout is not silently comparing two different ladders. Gate Y-1 asserts the match
    in `preflight`; this is the same check on the paid tag.

    `cancelled` actions are EXCLUDED from the match and printed separately: a replayed
    commit whose build is empty is cancelled by the substrate, not by the clock. Those
    are a finding about the arm's BOOK — it had nothing to commit at a cycle the anchor
    did — and are the one place a yoked arm's ladder can still fall short of its source.

    source: vo_s3c:voi3_dp
    voi3_dp
      commits   planned [47]
                realised [47]    MATCH = True
      advances  planned [60, 77, 87, 99, 108]
                realised [60, 77, 87, 99, 108]    MATCH = True
      cancelled (the book had nothing to commit there): none
      commit LEVELS realised: [(2, 47)]
      lifetime  source 108 cycles / 25,696,134g    yoke 108 cycles / 25,696,134g

    voi3b_comp_pr_yk
      commits   planned [47]
                realised [47]    MATCH = True
      advances  planned [60, 77, 87, 99, 108]
                realised [60, 77, 87, 99, 108]    MATCH = True
      cancelled (the book had nothing to commit there): none
      commit LEVELS realised: [(2, 47)]
      lifetime  source 108 cycles / 25,696,134g    yoke 108 cycles / 25,760,474g

    voi3b_comp_yk
      commits   planned [47]
                realised [47]    MATCH = True
      advances  planned [60, 77, 87, 99, 108]
                realised [60, 77, 87, 99, 108]    MATCH = True
      cancelled (the book had nothing to commit there): none
      commit LEVELS realised: [(2, 47)]
      lifetime  source 108 cycles / 25,696,134g    yoke 108 cycles / 25,697,158g


====================================================================================================
[Z] THE L4/L5 PANEL — every readout the round turns on, at the cells it turns on
====================================================================================================
    Q3 could not produce this table: no treated arm except Q2's replace-critic had an
    L4 or L5 slot at all, because each one reached or missed L3 through the commit
    latch's response to its own L2 writes. With the ladder yoked, every arm has the
    anchor's slots at the anchor's cycles and the chooser is finally READ where the
    node is about.

    rep     the written class holds SOME feature that repairs the instance there — the
            honest measure, and on an open slot it IS the head's class accuracy on
            held-out data (fresh instances every cycle).
    cont    it holds the CLEAN derivation's latent — a stricter and less forgiving read;
            the gap between the two is the chooser spreading over classes the clean
            derivation did not carry (`DESIGN.md` §23's correction).
    dist    distinct tuples written, `top1` the share of filed writes on one tuple.
    moved   the composed argmax was not the DP's row (composed arms only).

    voi3_dp: no L4/L5 cell was ever written.

    voi3b_comp_pr_yk: no L4/L5 cell was ever written.

    voi3b_comp_yk: no L4/L5 cell was ever written.

