====================================================================================================
[voicing] vo_s3e — reduction
====================================================================================================
  arms   : voi3b_comp_pr_yk, voi3b_comp_yk
  banked : vo_s3d2:voi3_dp, vo_s3:voi3_dp, vo_s3b:voi3b_comp_yk, vo_s3b:voi3b_comp_pr_yk

====================================================================================================
[A] LIFETIMES, COMMITS, AND THE IN-TAG IDENTITY CHECK
====================================================================================================
    arm                       cyc  commits (level@cycle)                 s/cycle
    voi3b_comp_pr_yk          201  L2@c59, L3@c77, L4@c157             
    voi3b_comp_yk             201  L2@c59, L3@c77, L4@c157             
    vo_s3d2:voi3_dp           201  L2@c59, L3@c77, L4@c157                (banked)
    vo_s3:voi3_dp             201  L2@c48, L3@c100, L4@c151, L5@c186      (banked)
    vo_s3b:voi3b_comp_yk      201  L2@c48, L3@c100, L4@c151, L5@c186      (banked)
    vo_s3b:voi3b_comp_pr_yk   201  L2@c48, L3@c100, L4@c151, L5@c186      (banked)


====================================================================================================
[B] THE CORRIDOR — slots open, parity, misfire, and when it closed
====================================================================================================
    `n_open` is slots past the firing gate; `misfire` is fired rows whose span did not
    match `dp_features` exactly. An arm whose corridor closes stops executing with the
    head and falls back to the DP on every macro call.

    arm                    open@max  open@last  first c with open=0 after a peak   misfire(all)  misfire(era>=3)
    voi3b_comp_pr_yk             28         27  None                             0.2163        0.2037
    voi3b_comp_yk                28         28  None                             0.2726        0.2658

    n_open per 10 cycles (the corridor's whole life):
      voi3b_comp_pr_yk         0   0   0   0   0   0   0  16  17  24  24  24  24  24  24  24  25  28  28  28  27
      voi3b_comp_yk            0   0   0   0   0   0   0  16  16  23  24  24  24  24  24  24  25  28  28  28  28
      cycle                    1  11  21  31  41  51  61  71  81  91 101 111 121 131 141 151 161 171 181 191 201

====================================================================================================
[C] THE SAMPLER, REALISED — deviation and on-table projection
====================================================================================================
    `dev`  the sampled entry left the on-table argmax (the quantity the temperature is
           set on; `DESIGN.md` §17 predicted this would fall below the preflight's
           0.44-0.67 because a sharper plant deviates less at fixed T).
    `ont`  the on-table argmax was not the head's FREE-RUN emission — the projection
           component that rides with the write axis (`DESIGN.md` §11).

    voi3b_comp_pr_yk:
      era  cell        n        dev     ont
        2  2n0        35367    0.616   0.006
        2  2n1        73984    0.553   0.007
        2  2n2        44941    0.503   0.005
        2  2n3        32314    0.602   0.004
        2  2n4        18264    0.354   0.011
        2  2n5        37857    0.526   0.006
        2  2n6        57648    0.490   0.003
        2  2n7        34031    0.672   0.007
        2  2n8        46545    0.581   0.005
        2  2n9        44594    0.521   0.004
        2  2n10       34194    0.400   0.007
        2  2n11       32222    0.661   0.005
        2  2n12      106176    0.292   0.010
        2  2n13       43535    0.423   0.005
        2  2n14       31106    0.586   0.004
        2  2n15       42842    0.561   0.004
        2  3n0        44017    0.124   0.004
        2  3n1        41218    0.257   0.007
        2  3n2        43009    0.119   0.009
        2  3n3        49653    0.128   0.007
        2  3n4        41611    0.132   0.006
        2  3n5        63284    0.205   0.023
        2  3n6       110523    0.301   0.061
        2  3n7        48531    0.186   0.009
        3  2n0        45275    0.247   0.006
        3  2n1       156734    0.389   0.004
        3  2n2       132911    0.254   0.002
        3  2n3        27741    0.189   0.002
        3  2n4        22873    0.350   0.003
        3  2n5       108477    0.179   0.010
        3  2n6        86336    0.135   0.001
        3  2n7        34609    0.194   0.007
        3  2n8        62749    0.183   0.003
        3  2n9       105895    0.349   0.001
        3  2n10       40200    0.326   0.011
        3  2n11       16336    0.251   0.007
        3  2n12      307027    0.128   0.005
        3  2n13      152453    0.098   0.004
        3  2n14       22507    0.199   0.001
        3  2n15      209022    0.152   0.007
        3  3n0        76569    0.307   0.034
        3  3n1        97227    0.373   0.043
        3  3n2        50452    0.210   0.011
        3  3n3       243527    0.059   0.002
        3  3n4       195115    0.402   0.046
        3  3n5       180645    0.230   0.030
        3  3n6      1072995    0.164   0.024
        3  3n7       179750    0.189   0.035
        3  4n0        57714    0.035   0.000
        3  4n1        70174    0.002   0.000
        3  4n2        76002    0.085   0.003
        3  4n3       114978    0.017   0.000
        4  2n0        25601    0.259   0.013
        4  2n1        15455    0.293   0.008
        4  2n2        14420    0.134   0.001
        4  2n3         7182    0.152   0.003
        4  2n4         1667    0.184   0.006
        4  2n5         7528    0.166   0.013
        4  2n6         8474    0.111   0.000
        4  2n7        14157    0.235   0.002
        4  2n8        10381    0.266   0.006
        4  2n9        12300    0.240   0.001
        4  2n10       11591    0.391   0.005
        4  2n11        1402    0.205   0.009
        4  2n12       57602    0.076   0.002
        4  2n13       43546    0.095   0.006
        4  2n14        2134    0.117   0.000
        4  2n15       44816    0.158   0.007
        4  3n0        23814    0.516   0.052
        4  3n1        21506    0.318   0.030
        4  3n2        19008    0.225   0.016
        4  3n3        54898    0.059   0.002
        4  3n4        61543    0.516   0.064
        4  3n5        50307    0.252   0.046
        4  3n6       266778    0.107   0.005
        4  3n7       105027    0.094   0.011
        4  4n0        20099    0.255   0.005
        4  4n1        40789    0.016   0.000
        4  4n2        48716    0.028   0.004
        4  4n3       115417    0.000   0.000
        5  2n0        19167    0.237   0.002
        5  2n1        11179    0.249   0.009
        5  2n2        20796    0.113   0.001
        5  2n3         5505    0.196   0.008
        5  2n4         8292    0.142   0.000
        5  2n5        13128    0.235   0.003
        5  2n6        11255    0.206   0.001
        5  2n7         9356    0.231   0.003
        5  2n8        21898    0.163   0.004
        5  2n9        16564    0.153   0.010
        5  2n10        8688    0.177   0.001
        5  2n11        1127    0.237   0.004
        5  2n12       17754    0.086   0.002
        5  2n13       37107    0.098   0.002
        5  2n14        2578    0.088   0.019
        5  2n15       38026    0.092   0.001
        5  3n0        34109    0.366   0.039
        5  3n1        10749    0.311   0.019
        5  3n2        12490    0.227   0.035
        5  3n3        37368    0.108   0.004
        5  3n4        48171    0.283   0.019
        5  3n5        43612    0.263   0.042
        5  3n6       193371    0.097   0.008
        5  3n7        89705    0.110   0.013
        5  4n0        31186    0.315   0.050
        5  4n1        43711    0.031   0.000
        5  4n2        36706    0.151   0.030
        5  4n3       130530    0.000   0.000

    voi3b_comp_yk:
      era  cell        n        dev     ont
        2  2n0        39763    0.560   0.007
        2  2n1        41241    0.652   0.005
        2  2n2        35945    0.584   0.004
        2  2n3        36642    0.609   0.009
        2  2n4        17020    0.362   0.020
        2  2n5        35501    0.633   0.011
        2  2n6        33974    0.627   0.003
        2  2n7        42261    0.588   0.004
        2  2n8        40846    0.612   0.007
        2  2n9        34117    0.569   0.009
        2  2n10       33432    0.422   0.004
        2  2n11       34066    0.707   0.006
        2  2n12      130228    0.316   0.010
        2  2n13       56495    0.434   0.009
        2  2n14       46065    0.535   0.005
        2  2n15       39698    0.629   0.008
        2  3n0        45141    0.456   0.003
        2  3n1        44967    0.560   0.007
        2  3n2        48288    0.354   0.004
        2  3n3        43637    0.501   0.008
        2  3n4        42022    0.486   0.006
        2  3n5        42880    0.378   0.009
        2  3n6        76732    0.262   0.014
        2  3n7        43944    0.531   0.002
        3  2n0        89266    0.222   0.005
        3  2n1        16806    0.322   0.007
        3  2n2       117617    0.324   0.007
        3  2n3        65316    0.410   0.011
        3  2n4        49109    0.562   0.012
        3  2n5        23658    0.202   0.004
        3  2n6        54848    0.298   0.001
        3  2n7        91012    0.341   0.008
        3  2n8        32369    0.602   0.014
        3  2n9        22919    0.344   0.006
        3  2n10       55193    0.405   0.004
        3  2n11       25330    0.397   0.008
        3  2n12      413355    0.213   0.011
        3  2n13      137082    0.197   0.004
        3  2n14       45757    0.148   0.001
        3  2n15      129577    0.437   0.008
        3  3n0       216090    0.187   0.017
        3  3n1        37297    0.587   0.052
        3  3n2       215905    0.191   0.017
        3  3n3       170618    0.120   0.013
        3  3n4        22321    0.238   0.012
        3  3n5       120773    0.356   0.021
        3  3n6       918769    0.255   0.025
        3  3n7       349588    0.170   0.009
        3  4n0        61346    0.371   0.000
        3  4n1        65399    0.005   0.000
        3  4n2        72106    0.278   0.000
        3  4n3        97099    0.124   0.000
        4  2n0        28547    0.250   0.002
        4  2n1         3165    0.466   0.007
        4  2n2        27690    0.240   0.004
        4  2n3        11313    0.392   0.015
        4  2n4        10138    0.561   0.018
        4  2n5         2455    0.223   0.004
        4  2n6        16259    0.208   0.000
        4  2n7        13271    0.378   0.003
        4  2n8         7155    0.502   0.013
        4  2n9         3557    0.311   0.009
        4  2n10       12208    0.471   0.005
        4  2n11        2170    0.361   0.006
        4  2n12       46762    0.196   0.006
        4  2n13       44140    0.188   0.002
        4  2n14        6387    0.156   0.001
        4  2n15       32024    0.263   0.004
        4  3n0        37456    0.184   0.011
        4  3n1        12730    0.247   0.037
        4  3n2        61302    0.183   0.012
        4  3n3        52184    0.048   0.001
        4  3n4        17529    0.243   0.007
        4  3n5        29737    0.242   0.036
        4  3n6       240627    0.167   0.021
        4  3n7        92289    0.098   0.010
        4  4n0        22055    0.122   0.003
        4  4n1        12980    0.007   0.000
        4  4n2        30834    0.105   0.001
        4  4n3       102619    0.004   0.000
        5  2n0        28709    0.340   0.017
        5  2n1         3280    0.438   0.004
        5  2n2        24109    0.321   0.015
        5  2n3         9300    0.514   0.003
        5  2n4         7433    0.466   0.006
        5  2n5         2631    0.252   0.012
        5  2n6         9055    0.426   0.000
        5  2n7        10355    0.300   0.014
        5  2n8         5811    0.515   0.023
        5  2n9         9300    0.404   0.012
        5  2n10       14832    0.335   0.003
        5  2n11        3165    0.354   0.003
        5  2n12       42039    0.161   0.006
        5  2n13       34570    0.239   0.009
        5  2n14        5190    0.194   0.000
        5  2n15       24070    0.345   0.015
        5  3n0        26295    0.190   0.004
        5  3n1         3110    0.639   0.030
        5  3n2        29903    0.245   0.015
        5  3n3        52091    0.076   0.003
        5  3n4        17493    0.327   0.003
        5  3n5        35192    0.178   0.016
        5  3n6       190932    0.175   0.021
        5  3n7        90252    0.139   0.014
        5  4n0        27250    0.155   0.003
        5  4n1        19174    0.029   0.000
        5  4n2        24632    0.097   0.001
        5  4n3       112604    0.017   0.000

====================================================================================================
[D] WHAT THE CHOOSER WROTE — Q0 §5's table, live, on the EXECUTED population
====================================================================================================
    Filed writes only (kept by the beam and on a graded tip). `rows` is the operative
    table's size, `dist` distinct tuples written, `keys` distinct class-pair keys,
    `tok` distinct token classes, `top1` the share of the era's filed writes on one
    tuple. Q0's banked numbers at the same nodes: L4 2.6-3.6 of 155-187 rows, top1
    0.91-0.94; L5 1.5-1.6 of 144-152, top1 0.80-0.93 (the FIRED population).

    voi3b_comp_pr_yk:
      era  cell      n_filed  rows   dist/cyc  keys/cyc  tok/cyc   top1(w)
        1  2n0         413    13      8.00     8.00    7.00     0.286
        1  2n1         317    13      7.00     7.00    6.00     0.315
        1  2n2         349    13      5.00     5.00    5.00     0.476
        1  2n3         268    13      6.00     6.00    4.00     0.560
        1  2n4         246    13      8.00     8.00    6.00     0.585
        1  2n5         300    13      5.00     5.00    3.00     0.510
        1  2n6         449    13      5.00     5.00    4.00     0.550
        1  2n7         408    13      7.00     7.00    4.00     0.284
        1  2n8         386    13      6.00     6.00    6.00     0.479
        1  2n9         581    13      7.00     7.00    6.00     0.530
        1  2n10        381    13      5.00     5.00    5.00     0.415
        1  2n11        460    13      6.00     6.00    6.00     0.396
        1  2n12        413    13      6.00     6.00    5.00     0.496
        1  2n13        525    13      6.00     6.00    4.00     0.541
        1  2n14        360    13      6.00     6.00    5.00     0.778
        1  2n15        421    13      8.00     8.00    6.00     0.363
        2  2n0        4827    14      4.18     4.18    3.62     0.594
        2  2n1        5844    14      3.20     3.20    2.82     0.709
        2  2n2        5275    14      3.84     3.84    3.22     0.625
        2  2n3        4181    14      3.64     3.64    2.82     0.552
        2  2n4        3701    14      4.06     4.06    3.38     0.582
        2  2n5        5017    14      3.34     3.34    2.88     0.629
        2  2n6        4708    14      2.50     2.50    2.28     0.843
        2  2n7        4285    14      2.94     2.94    2.56     0.717
        2  2n8        5044    14      3.72     3.72    3.40     0.603
        2  2n9        4577    14      3.24     3.24    2.96     0.678
        2  2n10       3533    14      3.98     3.98    3.70     0.550
        2  2n11       4201    14      3.30     3.30    2.74     0.621
        2  2n12       8094    14      4.08     4.08    3.72     0.567
        2  2n13       5599    14      2.98     2.98    2.56     0.710
        2  2n14       3698    14      3.20     3.20    3.04     0.641
        2  2n15       5160    14      3.38     3.38    2.60     0.643
        2  3n0        4023    61      3.03     2.88    2.45     0.671
        2  3n1        4418    61      3.30     3.03    2.94     0.580
        2  3n2        3609    61      3.09     3.03    2.67     0.714
        2  3n3        4470    61      2.39     1.97    1.97     0.883
        2  3n4        4274    61      3.30     3.21    2.55     0.637
        2  3n5        4582    61      2.82     2.70    2.70     0.668
        2  3n6        8504    61      4.48     3.45    3.24     0.538
        2  3n7        4358    61      3.09     2.94    2.94     0.696
        3  2n0        6755    16      6.04     6.04    4.80     0.406
        3  2n1        7678    16      4.51     4.51    4.17     0.583
        3  2n2        7703    16      4.89     4.89    3.81     0.486
        3  2n3        5560    16      4.67     4.67    3.27     0.425
        3  2n4        4542    16      5.29     5.29    4.29     0.434
        3  2n5        7468    16      4.13     4.13    3.34     0.540
        3  2n6        7234    16      3.40     3.40    2.77     0.709
        3  2n7        5498    16      4.09     4.09    3.26     0.511
        3  2n8        6766    16      5.46     5.46    4.84     0.415
        3  2n9        7170    16      4.67     4.67    4.17     0.521
        3  2n10       5119    16      4.80     4.80    3.97     0.427
        3  2n11       4588    16      3.84     3.84    3.07     0.513
        3  2n12      14523    16      4.61     4.61    4.26     0.486
        3  2n13       9348    16      3.44     3.44    2.91     0.544
        3  2n14       4726    16      3.21     3.21    2.89     0.673
        3  2n15      10713    16      4.16     4.16    3.03     0.534
        3  3n0        8818    87      3.63     3.53    2.91     0.544
        3  3n1        9729    87      4.47     4.04    3.64     0.461
        3  3n2        6882    87      3.41     3.14    2.93     0.644
        3  3n3       12459    87      2.77     2.60    2.60     0.735
        3  3n4       12799    87      4.93     4.46    3.59     0.501
        3  3n5       10044    87      3.37     2.77    2.44     0.556
        3  3n6       43691    87      4.86     4.29    3.89     0.526
        3  3n7       12094    87      2.66     2.57    2.56     0.645
        3  4n0        2566   132      2.00     1.91    1.91     0.826
        3  4n1        3114   132      1.09     1.09    1.09     0.976
        3  4n2        3463   132      1.61     1.57    1.57     0.853
        3  4n3        5522   132      1.13     1.13    1.13     0.989
        4  2n0        1331    16      6.67     6.67    5.17     0.340
        4  2n1        1224    16      3.67     3.67    3.25     0.663
        4  2n2        1225    16      4.58     4.58    3.92     0.656
        4  2n3        1009    16      4.83     4.83    3.33     0.506
        4  2n4         687    16      5.08     5.08    4.50     0.428
        4  2n5         907    16      3.92     3.92    3.17     0.525
        4  2n6         965    16      3.17     3.17    2.83     0.646
        4  2n7         929    16      4.08     4.08    3.08     0.480
        4  2n8        1216    16      5.83     5.83    5.33     0.392
        4  2n9        1129    16      4.58     4.58    4.17     0.485
        4  2n10       1159    16      5.00     5.00    4.42     0.495
        4  2n11        652    16      4.42     4.42    3.33     0.574
        4  2n12       2036    16      3.58     3.58    3.50     0.504
        4  2n13       1455    16      2.83     2.83    2.58     0.724
        4  2n14        749    16      3.17     3.17    3.00     0.674
        4  2n15       1753    16      4.17     4.17    3.42     0.585
        4  3n0        1508    89      2.67     2.67    2.33     0.682
        4  3n1        1794    89      6.17     4.92    4.08     0.418
        4  3n2        1357    89      3.75     3.58    3.33     0.553
        4  3n3        2260    89      3.17     3.17    3.17     0.703
        4  3n4        2277    89      5.67     5.00    4.00     0.520
        4  3n5        2236    89      4.00     3.58    2.75     0.497
        4  3n6        7677    89      5.92     5.42    4.75     0.489
        4  3n7        4426    89      3.25     2.33    2.33     0.613
        4  4n0        1627   136      2.92     2.67    2.67     0.599
        4  4n1        1745   136      1.25     1.25    1.25     0.979
        4  4n2        2335   136      1.42     1.33    1.33     0.971
        4  4n3        5044   136      1.00     1.00    1.00     1.000
        5  2n0         997    19      6.56     6.56    5.44     0.390
        5  2n1         928    19      4.67     4.67    3.67     0.537
        5  2n2        1143    19      4.44     4.44    3.89     0.566
        5  2n3         874    19      4.89     4.89    3.33     0.414
        5  2n4         469    19      5.44     5.44    4.78     0.380
        5  2n5         877    19      4.56     4.56    3.56     0.605
        5  2n6         856    19      3.78     3.78    3.44     0.685
        5  2n7         701    19      5.00     5.00    3.44     0.525
        5  2n8        1126    19      5.11     5.11    4.67     0.431
        5  2n9        1170    19      5.44     5.44    4.67     0.456
        5  2n10        921    19      4.44     4.44    4.00     0.427
        5  2n11        545    19      4.22     4.22    3.44     0.495
        5  2n12       1032    19      4.89     4.89    4.44     0.509
        5  2n13       1100    19      4.22     4.22    3.11     0.521
        5  2n14        499    19      2.67     2.67    2.67     0.752
        5  2n15       1587    19      4.44     4.44    3.67     0.630
        5  3n0        1319    93      3.44     3.11    3.00     0.594
        5  3n1        1192    93      4.67     4.00    3.56     0.451
        5  3n2        1144    93      3.56     3.33    3.00     0.656
        5  3n3        1697    93      3.22     3.22    3.22     0.750
        5  3n4        2232    93      4.11     3.89    3.56     0.566
        5  3n5        2168    93      4.00     3.67    2.67     0.515
        5  3n6        5706    93      5.78     5.56    5.00     0.524
        5  3n7        2867    93      3.78     2.67    2.67     0.481
        5  4n0        1160   144      2.44     2.22    2.22     0.677
        5  4n1        1622   144      1.44     1.33    1.33     0.967
        5  4n2        2391   144      3.22     2.33    2.33     0.691
        5  4n3        4475   144      1.00     1.00    1.00     1.000

    voi3b_comp_yk:
      era  cell      n_filed  rows   dist/cyc  keys/cyc  tok/cyc   top1(w)
        1  2n0         413    13      8.00     8.00    7.00     0.286
        1  2n1         317    13      7.00     7.00    6.00     0.315
        1  2n2         349    13      5.00     5.00    5.00     0.476
        1  2n3         268    13      6.00     6.00    4.00     0.560
        1  2n4         246    13      8.00     8.00    6.00     0.585
        1  2n5         300    13      5.00     5.00    3.00     0.510
        1  2n6         449    13      5.00     5.00    4.00     0.550
        1  2n7         408    13      7.00     7.00    4.00     0.284
        1  2n8         386    13      6.00     6.00    6.00     0.479
        1  2n9         581    13      7.00     7.00    6.00     0.530
        1  2n10        381    13      5.00     5.00    5.00     0.415
        1  2n11        460    13      6.00     6.00    6.00     0.396
        1  2n12        413    13      6.00     6.00    5.00     0.496
        1  2n13        525    13      6.00     6.00    4.00     0.541
        1  2n14        360    13      6.00     6.00    5.00     0.778
        1  2n15        421    13      8.00     8.00    6.00     0.363
        2  2n0        5006    16      4.80     4.80    4.66     0.458
        2  2n1        4837    16      3.56     3.56    3.44     0.639
        2  2n2        5332    16      3.90     3.90    3.88     0.498
        2  2n3        4615    16      3.74     3.74    3.18     0.574
        2  2n4        3913    16      4.28     4.28    4.16     0.518
        2  2n5        4857    16      3.24     3.24    2.98     0.581
        2  2n6        4312    16      3.24     3.24    3.24     0.596
        2  2n7        5539    16      3.90     3.90    3.68     0.465
        2  2n8        4862    16      4.72     4.72    4.52     0.498
        2  2n9        4349    16      3.72     3.72    3.54     0.572
        2  2n10       3920    16      4.30     4.30    4.24     0.484
        2  2n11       4229    16      3.50     3.50    3.38     0.550
        2  2n12       9034    16      4.72     4.72    4.44     0.450
        2  2n13       5891    16      3.08     3.08    2.90     0.576
        2  2n14       4474    16      3.76     3.76    3.76     0.531
        2  2n15       5312    16      3.70     3.70    3.44     0.559
        2  3n0        4371    63      2.45     2.27    2.27     0.694
        2  3n1        4981    63      4.45     4.33    3.55     0.442
        2  3n2        5017    63      3.82     3.39    3.39     0.585
        2  3n3        5885    63      3.21     2.82    2.73     0.579
        2  3n4        4140    63      3.18     3.06    3.06     0.638
        2  3n5        3626    63      3.70     3.52    3.15     0.540
        2  3n6        7616    63      3.85     3.67    3.52     0.550
        2  3n7        3717    63      2.94     2.82    2.76     0.653
        3  2n0        7380    17      5.59     5.59    5.24     0.416
        3  2n1        5079    17      4.49     4.49    3.91     0.484
        3  2n2        7248    17      4.17     4.17    4.11     0.507
        3  2n3        7345    17      5.11     5.11    3.74     0.408
        3  2n4        5251    17      5.01     5.01    4.63     0.477
        3  2n5        4691    17      3.39     3.39    3.10     0.596
        3  2n6        5621    17      3.53     3.53    3.49     0.671
        3  2n7        6551    17      5.04     5.04    3.79     0.435
        3  2n8        7013    17      6.23     6.23    5.16     0.364
        3  2n9        4796    17      4.69     4.69    4.04     0.506
        3  2n10       5345    17      3.76     3.76    3.73     0.501
        3  2n11       5205    17      4.53     4.53    3.89     0.502
        3  2n12      16748    17      5.20     5.20    4.59     0.497
        3  2n13       9359    17      3.39     3.39    3.01     0.592
        3  2n14       5741    17      3.79     3.79    3.67     0.575
        3  2n15       8481    17      5.41     5.41    4.17     0.475
        3  3n0       11521    79      2.76     2.57    2.54     0.622
        3  3n1        6967    79      3.93     3.77    3.33     0.538
        3  3n2       12222    79      3.53     3.14    3.14     0.671
        3  3n3       12412    79      2.44     2.31    2.29     0.872
        3  3n4        8067    79      3.37     3.14    3.11     0.555
        3  3n5        8659    79      3.03     2.71    2.70     0.561
        3  3n6       40926    79      5.24     3.99    3.71     0.610
        3  3n7       13980    79      2.77     2.46    2.44     0.838
        3  4n0        3422   116      1.78     1.78    1.78     0.802
        3  4n1        2664   116      1.26     1.26    1.26     0.953
        3  4n2        3164   116      1.52     1.52    1.52     0.925
        3  4n3        4344   116      1.39     1.39    1.39     0.948
        4  2n0        1553    17      5.75     5.75    5.58     0.403
        4  2n1         652    17      4.83     4.83    3.92     0.517
        4  2n2        1738    17      4.58     4.58    4.50     0.388
        4  2n3         938    17      4.33     4.33    3.42     0.547
        4  2n4         902    17      4.08     4.08    4.08     0.466
        4  2n5         637    17      3.00     3.00    2.50     0.587
        4  2n6        1100    17      4.17     4.17    3.58     0.612
        4  2n7        1048    17      5.25     5.25    3.83     0.416
        4  2n8        1196    17      5.58     5.58    4.50     0.424
        4  2n9         759    17      4.42     4.42    4.17     0.522
        4  2n10       1264    17      4.33     4.33    4.08     0.453
        4  2n11        696    17      4.75     4.75    4.08     0.425
        4  2n12       1845    17      3.92     3.92    3.67     0.565
        4  2n13       1139    17      3.33     3.33    2.83     0.622
        4  2n14        852    17      3.75     3.75    3.00     0.566
        4  2n15       1856    17      4.75     4.75    3.83     0.448
        4  3n0        2036    81      2.75     2.42    2.42     0.669
        4  3n1        1090    81      2.58     2.33    2.33     0.672
        4  3n2        2567    81      3.67     3.00    2.83     0.651
        4  3n3        2516    81      3.25     2.58    2.58     0.791
        4  3n4        1368    81      2.67     2.58    2.58     0.621
        4  3n5        1913    81      2.42     2.17    2.17     0.605
        4  3n6        6352    81      4.50     3.08    3.08     0.666
        4  3n7        3216    81      2.25     2.17    2.17     0.898
        4  4n0        1252   132      1.92     1.92    1.92     0.761
        4  4n1        1131   132      1.17     1.17    1.17     0.973
        4  4n2        1870   132      1.42     1.42    1.42     0.914
        4  4n3        4996   132      1.00     1.00    1.00     1.000
        5  2n0        1558    19      6.11     6.11    6.00     0.368
        5  2n1         656    19      4.33     4.33    3.67     0.573
        5  2n2        1200    19      4.44     4.44    4.33     0.438
        5  2n3         884    19      4.11     4.11    3.22     0.445
        5  2n4         510    19      4.22     4.22    4.00     0.510
        5  2n5         556    19      3.11     3.11    3.00     0.703
        5  2n6         941    19      3.89     3.89    3.67     0.595
        5  2n7         815    19      5.22     5.22    3.67     0.540
        5  2n8         984    19      7.33     7.33    6.11     0.384
        5  2n9         865    19      5.00     5.00    4.56     0.438
        5  2n10       1228    19      5.22     5.22    4.56     0.443
        5  2n11        556    19      3.67     3.67    3.44     0.466
        5  2n12       1141    19      3.89     3.89    3.89     0.550
        5  2n13        930    19      4.44     4.44    3.44     0.499
        5  2n14        480    19      3.44     3.44    3.11     0.567
        5  2n15        783    19      3.67     3.67    3.11     0.437
        5  3n0        1410    88      3.22     2.56    2.56     0.633
        5  3n1         726    88      3.44     3.00    2.78     0.602
        5  3n2        1991    88      3.56     3.33    3.22     0.697
        5  3n3        2139    88      3.22     2.56    2.56     0.866
        5  3n4        1339    88      3.11     2.67    2.67     0.623
        5  3n5        1721    88      2.44     2.22    2.22     0.586
        5  3n6        4606    88      5.22     4.00    4.00     0.704
        5  3n7        2770    88      4.11     3.22    3.22     0.844
        5  4n0        1964   156      2.00     1.89    2.00     0.772
        5  4n1        1085   156      1.33     1.33    1.33     0.941
        5  4n2        1811   156      1.56     1.44    1.56     0.875
        5  4n3        4299   156      1.78     1.56    1.78     0.974

====================================================================================================
[E] THE WRITER'S CLASS ACCURACY ON THE PRICED BEAM (held-out: fresh instances/cycle)
====================================================================================================
    `contains` against the clean latent, `rep` against the set of features that REPAIR
    the instance there. On an open slot the writer IS the head, so `rep` is the head's
    class accuracy; where the corridor is closed it is the DP's. Q0 §3's audition-path
    numbers for the DP at the frontier: 4n3 contains_rep 0.718 (era 4), 5n1 0.582.

    voi3b_comp_pr_yk:
      era  cell     contains n    contains   rep n     rep
        1  2n0          413      0.446       64    0.078
        1  2n1          317      0.438       64    0.141
        1  2n2          349      0.590       64    0.219
        1  2n3          268      0.683       64    0.141
        1  2n4          246      0.492       64    0.328
        1  2n5          300      0.687       64    0.203
        1  2n6          449      0.844       64    0.172
        1  2n7          408      0.684       64    0.219
        1  2n8          386      0.718       64    0.141
        1  2n9          581      0.468       64    0.125
        1  2n10         381      0.874       64    0.156
        1  2n11         460      0.622       64    0.203
        1  2n12         413      0.441       64    0.391
        1  2n13         525      0.554       64    0.234
        1  2n14         360      0.814       64    0.109
        1  2n15         421      0.366       64    0.141
        2  2n0         4827      0.435     3005    0.251
        2  2n1         5844      0.536     3124    0.166
        2  2n2         5275      0.561     2998    0.201
        2  2n3         4181      0.433     2915    0.171
        2  2n4         3701      0.544     2798    0.213
        2  2n5         5017      0.531     2962    0.169
        2  2n6         4708      0.713     3016    0.239
        2  2n7         4285      0.477     2916    0.220
        2  2n8         5044      0.414     3131    0.166
        2  2n9         4577      0.492     2929    0.184
        2  2n10        3533      0.604     2800    0.208
        2  2n11        4201      0.467     2856    0.167
        2  2n12        8094      0.532     3150    0.564
        2  2n13        5599      0.390     3114    0.268
        2  2n14        3698      0.558     2762    0.194
        2  2n15        5160      0.411     3041    0.221
        2  3n0         4023      0.322     2051    0.167
        2  3n1         4418      0.234     2069    0.184
        2  3n2         3609      0.462     1921    0.258
        2  3n3         4470      0.370     2068    0.193
        2  3n4         4274      0.473     2084    0.193
        2  3n5         4582      0.391     2041    0.296
        2  3n6         8504      0.518     2112    0.567
        2  3n7         4358      0.317     2062    0.223
        3  2n0         6755      0.572     4279    0.233
        3  2n1         7678      0.622     4367    0.295
        3  2n2         7703      0.644     4345    0.307
        3  2n3         5560      0.563     4053    0.218
        3  2n4         4542      0.620     3721    0.276
        3  2n5         7468      0.600     4284    0.275
        3  2n6         7234      0.756     4344    0.315
        3  2n7         5498      0.571     4131    0.308
        3  2n8         6766      0.493     4321    0.264
        3  2n9         7170      0.485     4299    0.262
        3  2n10        5119      0.630     3933    0.293
        3  2n11        4588      0.582     3858    0.249
        3  2n12       14523      0.459     4472    0.251
        3  2n13        9348      0.437     4444    0.361
        3  2n14        4726      0.665     3865    0.263
        3  2n15       10713      0.431     4426    0.353
        3  3n0         8818      0.440     4460    0.230
        3  3n1         9729      0.288     4464    0.268
        3  3n2         6882      0.489     4281    0.262
        3  3n3        12459      0.503     4480    0.349
        3  3n4        12799      0.484     4463    0.315
        3  3n5        10044      0.357     4418    0.323
        3  3n6        43691      0.493     4480    0.563
        3  3n7        12094      0.298     4422    0.335
        3  4n0         2566      0.700     1377    0.248
        3  4n1         3114      0.854     1414    0.408
        3  4n2         3463      0.805     1397    0.339
        3  4n3         5522      0.857     1472    0.723
        4  2n0         1331      0.588      768    0.229
        4  2n1         1224      0.533      686    0.184
        4  2n2         1225      0.713      755    0.430
        4  2n3         1009      0.562      713    0.254
        4  2n4          687      0.651      625    0.314
        4  2n5          907      0.615      682    0.289
        4  2n6          965      0.782      689    0.289
        4  2n7          929      0.565      706    0.312
        4  2n8         1216      0.426      768    0.370
        4  2n9         1129      0.491      728    0.250
        4  2n10        1159      0.601      754    0.332
        4  2n11         652      0.488      585    0.268
        4  2n12        2036      0.269      763    0.152
        4  2n13        1455      0.233      739    0.143
        4  2n14         749      0.454      637    0.400
        4  2n15        1753      0.286      768    0.242
        4  3n0         1508      0.434      748    0.305
        4  3n1         1794      0.247      768    0.223
        4  3n2         1357      0.492      752    0.290
        4  3n3         2260      0.506      768    0.411
        4  3n4         2277      0.328      768    0.286
        4  3n5         2236      0.339      768    0.324
        4  3n6         7677      0.333      768    0.221
        4  3n7         4426      0.261      768    0.423
        4  4n0         1627      0.562      734    0.219
        4  4n1         1745      0.861      768    0.352
        4  4n2         2335      0.874      768    0.474
        4  4n3         5044      0.856      768    0.745
        5  2n0          997      0.630      576    0.220
        5  2n1          928      0.654      574    0.364
        5  2n2         1143      0.690      543    0.212
        5  2n3          874      0.610      566    0.313
        5  2n4          469      0.593      413    0.278
        5  2n5          877      0.712      545    0.250
        5  2n6          856      0.759      561    0.307
        5  2n7          701      0.571      540    0.211
        5  2n8         1126      0.233      576    0.387
        5  2n9         1170      0.285      576    0.212
        5  2n10         921      0.332      576    0.208
        5  2n11         545      0.202      460    0.185
        5  2n12        1032      0.312      553    0.127
        5  2n13        1100      0.285      550    0.176
        5  2n14         499      0.631      455    0.257
        5  2n15        1587      0.250      576    0.215
        5  3n0         1319      0.489      562    0.274
        5  3n1         1192      0.410      576    0.240
        5  3n2         1144      0.482      576    0.253
        5  3n3         1697      0.512      576    0.288
        5  3n4         2232      0.331      576    0.352
        5  3n5         2168      0.228      576    0.347
        5  3n6         5706      0.285      576    0.170
        5  3n7         2867      0.217      576    0.238
        5  4n0         1160      0.559      576    0.266
        5  4n1         1622      0.904      576    0.233
        5  4n2         2391      0.594      576    0.432
        5  4n3         4475      0.863      576    0.382

    voi3b_comp_yk:
      era  cell     contains n    contains   rep n     rep
        1  2n0          413      0.446       64    0.078
        1  2n1          317      0.438       64    0.141
        1  2n2          349      0.590       64    0.219
        1  2n3          268      0.683       64    0.141
        1  2n4          246      0.492       64    0.328
        1  2n5          300      0.687       64    0.203
        1  2n6          449      0.844       64    0.172
        1  2n7          408      0.684       64    0.219
        1  2n8          386      0.718       64    0.141
        1  2n9          581      0.468       64    0.125
        1  2n10         381      0.874       64    0.156
        1  2n11         460      0.622       64    0.203
        1  2n12         413      0.441       64    0.391
        1  2n13         525      0.554       64    0.234
        1  2n14         360      0.814       64    0.109
        1  2n15         421      0.366       64    0.141
        2  2n0         5006      0.452     2988    0.201
        2  2n1         4837      0.551     2929    0.180
        2  2n2         5332      0.496     3116    0.207
        2  2n3         4615      0.409     3031    0.146
        2  2n4         3913      0.474     2869    0.172
        2  2n5         4857      0.584     2997    0.163
        2  2n6         4312      0.687     3041    0.223
        2  2n7         5539      0.583     3067    0.206
        2  2n8         4862      0.398     3033    0.142
        2  2n9         4349      0.469     2930    0.180
        2  2n10        3920      0.491     2835    0.219
        2  2n11        4229      0.494     2846    0.177
        2  2n12        9034      0.532     3119    0.543
        2  2n13        5891      0.403     3049    0.286
        2  2n14        4474      0.610     2944    0.231
        2  2n15        5312      0.371     3046    0.214
        2  3n0         4371      0.392     2026    0.167
        2  3n1         4981      0.228     2112    0.232
        2  3n2         5017      0.490     2112    0.203
        2  3n3         5885      0.193     2112    0.146
        2  3n4         4140      0.408     2018    0.128
        2  3n5         3626      0.369     1988    0.198
        2  3n6         7616      0.495     2112    0.479
        2  3n7         3717      0.282     2021    0.185
        3  2n0         7380      0.526     4389    0.191
        3  2n1         5079      0.666     3953    0.251
        3  2n2         7248      0.665     4224    0.329
        3  2n3         7345      0.538     4451    0.216
        3  2n4         5251      0.610     4028    0.266
        3  2n5         4691      0.653     3807    0.260
        3  2n6         5621      0.798     4021    0.315
        3  2n7         6551      0.583     4339    0.235
        3  2n8         7013      0.384     4319    0.244
        3  2n9         4796      0.632     3797    0.244
        3  2n10        5345      0.611     3976    0.245
        3  2n11        5205      0.494     3993    0.209
        3  2n12       16748      0.416     4480    0.230
        3  2n13        9359      0.413     4403    0.366
        3  2n14        5741      0.677     4125    0.251
        3  2n15        8481      0.430     4413    0.263
        3  3n0        11521      0.451     4441    0.208
        3  3n1         6967      0.271     4231    0.233
        3  3n2        12222      0.499     4479    0.269
        3  3n3        12412      0.405     4472    0.243
        3  3n4         8067      0.452     4432    0.250
        3  3n5         8659      0.396     4384    0.263
        3  3n6        40926      0.456     4480    0.565
        3  3n7        13980      0.297     4452    0.267
        3  4n0         3422      0.702     1468    0.305
        3  4n1         2664      0.848     1305    0.449
        3  4n2         3164      0.812     1281    0.246
        3  4n3         4344      0.846     1438    0.716
        4  2n0         1553      0.500      748    0.164
        4  2n1          652      0.713      565    0.312
        4  2n2         1738      0.671      768    0.268
        4  2n3          938      0.581      709    0.344
        4  2n4          902      0.593      708    0.370
        4  2n5          637      0.706      578    0.311
        4  2n6         1100      0.810      704    0.384
        4  2n7         1048      0.616      743    0.268
        4  2n8         1196      0.269      746    0.324
        4  2n9          759      0.621      680    0.310
        4  2n10        1264      0.622      733    0.274
        4  2n11         696      0.513      603    0.274
        4  2n12        1845      0.306      768    0.189
        4  2n13        1139      0.353      708    0.140
        4  2n14         852      0.494      674    0.356
        4  2n15        1856      0.304      722    0.166
        4  3n0         2036      0.284      768    0.150
        4  3n1         1090      0.294      726    0.236
        4  3n2         2567      0.480      768    0.243
        4  3n3         2516      0.416      758    0.373
        4  3n4         1368      0.423      752    0.301
        4  3n5         1913      0.321      768    0.312
        4  3n6         6352      0.289      768    0.255
        4  3n7         3216      0.225      768    0.306
        4  4n0         1252      0.719      744    0.344
        4  4n1         1131      0.909      738    0.370
        4  4n2         1870      0.855      768    0.370
        4  4n3         4996      0.841      768    0.780
        5  2n0         1558      0.586      576    0.161
        5  2n1          656      0.733      488    0.266
        5  2n2         1200      0.552      576    0.339
        5  2n3          884      0.632      498    0.185
        5  2n4          510      0.525      460    0.265
        5  2n5          556      0.718      500    0.108
        5  2n6          941      0.721      567    0.205
        5  2n7          815      0.529      564    0.264
        5  2n8          984      0.155      576    0.259
        5  2n9          865      0.246      565    0.209
        5  2n10        1228      0.399      576    0.247
        5  2n11         556      0.236      490    0.200
        5  2n12        1141      0.424      552    0.216
        5  2n13         930      0.344      576    0.196
        5  2n14         480      0.531      430    0.240
        5  2n15         783      0.147      517    0.246
        5  3n0         1410      0.406      576    0.116
        5  3n1          726      0.329      538    0.080
        5  3n2         1991      0.455      576    0.255
        5  3n3         2139      0.402      576    0.333
        5  3n4         1339      0.338      576    0.269
        5  3n5         1721      0.237      576    0.335
        5  3n6         4606      0.245      576    0.144
        5  3n7         2770      0.200      576    0.149
        5  4n0         1964      0.700      576    0.174
        5  4n1         1085      0.853      575    0.292
        5  4n2         1811      0.644      576    0.378
        5  4n3         4299      0.848      576    0.380

====================================================================================================
[F] THE IN-SITU READ-BACK — the number DESIGN §15 says decides whether Q2's
    `own_readback` has anything to read
====================================================================================================
    The frozen reader run on the span the learner just wrote, IN PLACE, quotiented
    through the arm's own class map and tallied against the record's class. Never
    summed with the verdict. Q0 §4: the STRUCTURAL disagreement on the token class is
    0.000 by construction on this draw, so everything here is the neural ear plus the
    learned quotient.

    voi3b_comp_pr_yk:
      era  cell         n   class_agree  tuple_agree   unnamed
        1  2n0         96       1.000       1.000     0.000
        1  2n1         96       1.000       1.000     0.000
        1  2n2         96       1.000       1.000     0.000
        1  2n3         96       1.000       1.000     0.000
        1  2n4         96       0.979       0.979     0.000
        1  2n5         96       1.000       1.000     0.000
        1  2n6         96       1.000       1.000     0.000
        1  2n7         96       1.000       1.000     0.000
        1  2n8         96       1.000       1.000     0.000
        1  2n9         96       1.000       1.000     0.000
        1  2n10        96       1.000       1.000     0.000
        1  2n11        96       1.000       1.000     0.000
        1  2n12        96       1.000       1.000     0.000
        1  2n13        96       1.000       1.000     0.000
        1  2n14        96       0.990       0.990     0.000
        1  2n15        96       1.000       1.000     0.000
        2  2n0       3908       0.983       0.983     0.000
        2  2n1       4347       1.000       1.000     0.000
        2  2n2       4141       0.958       0.958     0.000
        2  2n3       3711       0.999       0.999     0.000
        2  2n4       3379       0.982       0.982     0.000
        2  2n5       3973       1.000       1.000     0.000
        2  2n6       3953       0.969       0.969     0.000
        2  2n7       3835       0.994       0.994     0.000
        2  2n8       4250       0.991       0.991     0.000
        2  2n9       3742       0.999       0.999     0.000
        2  2n10      3126       0.986       0.986     0.000
        2  2n11      3635       0.997       0.997     0.000
        2  2n12      4563       0.999       0.999     0.000
        2  2n13      4219       1.000       1.000     0.000
        2  2n14      3323       0.980       0.980     0.000
        2  2n15      4154       0.996       0.996     0.000
        2  3n0       2817       1.000       1.000     0.000
        2  3n1       2904       1.000       1.000     0.000
        2  3n2       2543       1.000       1.000     0.000
        2  3n3       2917       1.000       0.954     0.000
        2  3n4       2943       0.998       0.998     0.000
        2  3n5       2912       1.000       1.000     0.000
        2  3n6       3168       1.000       1.000     0.000
        2  3n7       2803       0.984       0.984     0.000
        3  2n0       5694       0.974       0.974     0.000
        3  2n1       6008       0.994       0.994     0.000
        3  2n2       5975       0.890       0.890     0.000
        3  2n3       5088       0.986       0.986     0.000
        3  2n4       4338       0.968       0.968     0.000
        3  2n5       5833       0.983       0.983     0.000
        3  2n6       5963       0.921       0.921     0.000
        3  2n7       5201       0.946       0.946     0.000
        3  2n8       5777       0.976       0.976     0.000
        3  2n9       5841       0.993       0.993     0.000
        3  2n10      4674       0.969       0.969     0.000
        3  2n11      4500       0.988       0.988     0.000
        3  2n12      6655       1.000       1.000     0.000
        3  2n13      6488       0.996       0.996     0.000
        3  2n14      4529       0.978       0.978     0.000
        3  2n15      6525       0.996       0.996     0.000
        3  3n0       6359       1.000       1.000     0.000
        3  3n1       6437       0.998       0.990     0.000
        3  3n2       5739       1.000       1.000     0.000
        3  3n3       6681       1.000       0.987     0.000
        3  3n4       6646       1.000       1.000     0.000
        3  3n5       6488       1.000       0.998     0.000
        3  3n6       6720       1.000       1.000     0.000
        3  3n7       6535       1.000       1.000     0.000
        3  4n0       1870       1.000       1.000     0.000
        3  4n1       1938       1.000       1.000     0.000
        3  4n2       1933       1.000       1.000     0.000
        3  4n3       2145       1.000       1.000     0.000
        4  2n0       1083       0.959       0.959     0.000
        4  2n1        905       0.999       0.999     0.000
        4  2n2       1020       0.992       0.992     0.000
        4  2n3        922       0.999       0.999     0.000
        4  2n4        687       1.000       1.000     0.000
        4  2n5        883       0.977       0.977     0.000
        4  2n6        845       0.963       0.963     0.000
        4  2n7        883       0.946       0.946     0.000
        4  2n8       1062       0.997       0.997     0.000
        4  2n9        965       0.998       0.998     0.000
        4  2n10      1002       0.998       0.998     0.000
        4  2n11       650       0.923       0.923     0.000
        4  2n12      1107       1.000       1.000     0.000
        4  2n13      1053       0.996       0.996     0.000
        4  2n14       738       0.995       0.995     0.000
        4  2n15      1150       1.000       1.000     0.000
        4  3n0       1063       1.000       1.000     0.000
        4  3n1       1147       1.000       0.996     0.000
        4  3n2       1060       1.000       1.000     0.000
        4  3n3       1152       1.000       1.000     0.000
        4  3n4       1104       1.000       1.000     0.000
        4  3n5       1133       1.000       1.000     0.000
        4  3n6       1152       1.000       1.000     0.000
        4  3n7       1152       1.000       1.000     0.000
        4  4n0       1054       1.000       1.000     0.000
        4  4n1       1136       1.000       1.000     0.000
        4  4n2       1127       1.000       1.000     0.000
        4  4n3       1152       1.000       1.000     0.000
        5  2n0        814       0.985       0.985     0.000
        5  2n1        772       0.986       0.986     0.000
        5  2n2        774       0.946       0.946     0.000
        5  2n3        790       0.980       0.980     0.000
        5  2n4        469       0.972       0.972     0.000
        5  2n5        739       0.991       0.991     0.000
        5  2n6        744       0.992       0.992     0.000
        5  2n7        675       0.948       0.948     0.000
        5  2n8        820       0.988       0.988     0.000
        5  2n9        848       0.981       0.981     0.000
        5  2n10       790       0.978       0.978     0.000
        5  2n11       512       0.996       0.996     0.000
        5  2n12       799       1.000       1.000     0.000
        5  2n13       806       0.914       0.914     0.000
        5  2n14       499       1.000       1.000     0.000
        5  2n15       858       1.000       1.000     0.000
        5  3n0        812       1.000       1.000     0.000
        5  3n1        851       1.000       0.995     0.000
        5  3n2        824       1.000       1.000     0.000
        5  3n3        864       1.000       1.000     0.000
        5  3n4        864       1.000       1.000     0.000
        5  3n5        864       1.000       1.000     0.000
        5  3n6        864       1.000       1.000     0.000
        5  3n7        864       1.000       1.000     0.000
        5  4n0        815       1.000       1.000     0.000
        5  4n1        857       1.000       1.000     0.000
        5  4n2        864       1.000       1.000     0.000
        5  4n3        864       1.000       1.000     0.000

    voi3b_comp_yk:
      era  cell         n   class_agree  tuple_agree   unnamed
        1  2n0         96       1.000       1.000     0.000
        1  2n1         96       1.000       1.000     0.000
        1  2n2         96       1.000       1.000     0.000
        1  2n3         96       1.000       1.000     0.000
        1  2n4         96       0.979       0.979     0.000
        1  2n5         96       1.000       1.000     0.000
        1  2n6         96       1.000       1.000     0.000
        1  2n7         96       1.000       1.000     0.000
        1  2n8         96       1.000       1.000     0.000
        1  2n9         96       1.000       1.000     0.000
        1  2n10        96       1.000       1.000     0.000
        1  2n11        96       1.000       1.000     0.000
        1  2n12        96       1.000       1.000     0.000
        1  2n13        96       1.000       1.000     0.000
        1  2n14        96       0.990       0.990     0.000
        1  2n15        96       1.000       1.000     0.000
        2  2n0       3951       0.959       0.959     0.000
        2  2n1       3784       0.960       0.960     0.000
        2  2n2       4156       0.973       0.973     0.000
        2  2n3       3956       0.904       0.904     0.000
        2  2n4       3560       0.944       0.944     0.000
        2  2n5       4026       0.950       0.950     0.000
        2  2n6       3847       0.999       0.999     0.000
        2  2n7       4289       0.950       0.950     0.000
        2  2n8       4011       0.894       0.894     0.000
        2  2n9       3580       0.947       0.947     0.000
        2  2n10      3438       0.994       0.994     0.000
        2  2n11      3698       0.944       0.944     0.000
        2  2n12      4558       0.999       0.999     0.000
        2  2n13      4258       0.983       0.983     0.000
        2  2n14      3803       1.000       1.000     0.000
        2  2n15      4146       0.971       0.971     0.000
        2  3n0       2883       0.999       0.968     0.000
        2  3n1       3048       1.000       0.998     0.000
        2  3n2       3027       1.000       0.986     0.000
        2  3n3       3098       1.000       1.000     0.000
        2  3n4       2700       1.000       0.970     0.000
        2  3n5       2598       0.997       0.992     0.000
        2  3n6       3165       1.000       1.000     0.000
        2  3n7       2711       0.999       0.999     0.000
        3  2n0       6049       0.972       0.972     0.000
        3  2n1       4836       0.937       0.937     0.000
        3  2n2       5773       0.997       0.997     0.000
        3  2n3       6101       0.914       0.914     0.000
        3  2n4       4967       0.959       0.959     0.000
        3  2n5       4555       0.984       0.984     0.000
        3  2n6       5154       0.997       0.997     0.000
        3  2n7       5822       0.853       0.853     0.000
        3  2n8       5816       0.784       0.784     0.000
        3  2n9       4574       0.930       0.930     0.000
        3  2n10      4928       1.000       1.000     0.000
        3  2n11      4903       0.924       0.924     0.000
        3  2n12      6659       0.996       0.996     0.000
        3  2n13      6285       0.993       0.993     0.000
        3  2n14      5317       0.987       0.987     0.000
        3  2n15      6285       0.869       0.869     0.000
        3  3n0       6551       1.000       0.995     0.000
        3  3n1       5628       1.000       0.997     0.000
        3  3n2       6634       1.000       0.993     0.000
        3  3n3       6655       1.000       0.999     0.000
        3  3n4       6313       1.000       1.000     0.000
        3  3n5       6254       1.000       0.996     0.000
        3  3n6       6720       1.000       1.000     0.000
        3  3n7       6625       1.000       0.994     0.000
        3  4n0       2104       1.000       1.000     0.000
        3  4n1       1659       1.000       1.000     0.000
        3  4n2       1653       1.000       1.000     0.000
        3  4n3       2066       1.000       1.000     0.000
        4  2n0       1057       0.980       0.980     0.000
        4  2n1        644       0.849       0.849     0.000
        4  2n2       1106       0.977       0.977     0.000
        4  2n3        880       0.977       0.977     0.000
        4  2n4        877       1.000       1.000     0.000
        4  2n5        637       0.951       0.951     0.000
        4  2n6        933       0.924       0.924     0.000
        4  2n7        944       0.924       0.924     0.000
        4  2n8       1036       0.879       0.879     0.000
        4  2n9        745       0.953       0.953     0.000
        4  2n10      1071       0.983       0.983     0.000
        4  2n11       680       0.890       0.890     0.000
        4  2n12      1121       1.000       1.000     0.000
        4  2n13       974       0.977       0.977     0.000
        4  2n14       819       0.835       0.835     0.000
        4  2n15      1074       0.965       0.965     0.000
        4  3n0       1152       1.000       1.000     0.000
        4  3n1        973       1.000       0.996     0.000
        4  3n2       1152       1.000       0.995     0.000
        4  3n3       1110       1.000       0.998     0.000
        4  3n4       1079       1.000       1.000     0.000
        4  3n5       1098       1.000       1.000     0.000
        4  3n6       1152       1.000       1.000     0.000
        4  3n7       1152       1.000       1.000     0.000
        4  4n0        982       1.000       1.000     0.000
        4  4n1        965       1.000       1.000     0.000
        4  4n2       1119       1.000       1.000     0.000
        4  4n3       1152       1.000       1.000     0.000
        5  2n0        849       1.000       1.000     0.000
        5  2n1        614       0.891       0.891     0.000
        5  2n2        842       0.999       0.999     0.000
        5  2n3        676       0.988       0.988     0.000
        5  2n4        510       0.967       0.967     0.000
        5  2n5        556       1.000       1.000     0.000
        5  2n6        803       0.988       0.988     0.000
        5  2n7        737       0.921       0.921     0.000
        5  2n8        811       0.893       0.893     0.000
        5  2n9        701       0.963       0.963     0.000
        5  2n10       826       0.967       0.967     0.000
        5  2n11       548       0.911       0.911     0.000
        5  2n12       776       1.000       1.000     0.000
        5  2n13       816       0.975       0.975     0.000
        5  2n14       480       0.954       0.954     0.000
        5  2n15       647       0.998       0.998     0.000
        5  3n0        852       1.000       1.000     0.000
        5  3n1        675       1.000       0.976     0.000
        5  3n2        864       1.000       1.000     0.000
        5  3n3        864       1.000       0.981     0.000
        5  3n4        864       1.000       1.000     0.000
        5  3n5        864       1.000       0.994     0.000
        5  3n6        864       1.000       1.000     0.000
        5  3n7        864       1.000       0.980     0.000
        5  4n0        862       1.000       1.000     0.000
        5  4n1        795       1.000       1.000     0.000
        5  4n2        864       1.000       1.000     0.000
        5  4n3        864       1.000       1.000     0.000

====================================================================================================
[G] THE RECORD'S VOLUME AND THE OBJECTIVE'S DIET
====================================================================================================
    `filed` writes kept by the beam and on a graded tip; `solved` their verdict;
    `unnamed` training rows whose recorded class has no member in the current table
    (the argmax arms' own hazard — DESIGN §14); `verify_bad` gate V-1's counter.

    arm                    written    filed   solved%   unnamed   verify   v_bad   buf(last, max over slots)
    voi3b_comp_pr_yk          1613484   464341    0.298         0   464341       0   8192
    voi3b_comp_yk             1541633   454744    0.259         0   454744       0   8192

====================================================================================================
[H] ARRIVAL, CLASS COVERAGE, MERGES AND THE BILL
====================================================================================================
    arm                   L5@sup(end) L6@sup(end)  L4 classes(end)  merges taken  exp_reads   t_cum
    voi3b_comp_pr_yk                 21           0              25            43    2262497    51168591
    voi3b_comp_yk                    11           0              22            42    2251313    50937152
    vo_s3d2:voi3_dp                  13           0              26            50    2246273    50979162
    vo_s3:voi3_dp                    17           3              26            44    2288898    51208256
    vo_s3b:voi3b_comp_yk              8           2              21            43    2283467    51135949
    vo_s3b:voi3b_comp_pr_yk          12           1              26            37    2269032    51358593

====================================================================================================
[I] ERA-4/5 ERROR — with the caveat
====================================================================================================
    `enharmonic`'s matched-clock gaps between near-identical arms reach 0.08, and these
    arms are SELF-PACED and lived different numbers of cycles, so error is NOT a claim
    here. The structural readouts above are.

    arm                   era1  era2  era3  era4  era5
    voi3b_comp_pr_yk         0.469  0.593  0.548  0.556  0.708
    voi3b_comp_yk            0.469  0.589  0.577  0.597  0.769
    vo_s3d2:voi3_dp          0.466  0.599  0.625  0.622  0.831
    vo_s3:voi3_dp            0.499  0.620  0.613  0.671  0.773
    vo_s3b:voi3b_comp_yk     0.502  0.624  0.565  0.588  0.550
    vo_s3b:voi3b_comp_pr_yk  0.501  0.614  0.532  0.644  0.703

====================================================================================================
[J] THE CRITIC — held-out AUC against the verdict, per slot, over the run
====================================================================================================
    The held-out split is by the parity gate's own BIJECTIVE row code, not a coin flip,
    so a context recurring across cycles cannot sit on both sides. `auc` is None where
    one class is absent on the held-out rows — an AUC is undefined then, and saying so
    beats reporting 0.5. DENOMINATORS AND BASE RATES ARE PART OF THE READING: the
    preflight's AUCs sat on 16-26 rows at base rate 0.045-0.08 and were a path check.

    [Q3] THE TWO DIETS ARE READ APART and are NEVER pooled. The filed rows are the
    practice beam's own writes — a narrow, self-selected candidate set (Q0 finding 3:
    at the frontier almost every write falls in one token class) — and the probe rows
    are the babbler's substitutions, a DIFFERENT class by construction. A pooled AUC
    would read that candidate-set difference as discrimination. Both columns carry
    their own denominator and base rate.

    voi3b_comp_pr_yk:
      FILED rows                                              PROBE rows [Q3]
      slot   reads  n(last) base(last)  auc f/med/last  >.5   n(last) base(last)  auc f/med/last  >.5
      2:0      141      920      0.288  0.175/0.638/0.744  0.89       848      0.054  0.733/0.813/0.925  0.89
      2:1      142      687      0.246  0.250/0.666/0.744  0.99       695      0.036  0.353/0.701/0.855  0.91
      2:2      141      817      0.273  0.000/0.654/0.662  0.99       734      0.048  0.389/0.598/0.837  0.70
      2:3      142      902      0.275  0.950/0.656/0.707  0.98       813      0.057  0.616/0.755/0.885  0.84
      2:4      142      856      0.298  0.923/0.521/0.516  0.65       797      0.054  0.106/0.682/0.849  0.83
      2:5      142      815      0.228  0.062/0.688/0.587  0.94       779      0.037  0.640/0.798/0.823  0.95
      2:6      142      880      0.341  0.108/0.641/0.601  0.98       873      0.054  0.548/0.866/0.883  0.99
      2:7      142      725      0.352  0.987/0.651/0.613  0.99       769      0.079  0.387/0.729/0.875  0.93
      2:8      142      702      0.373  0.871/0.661/0.710  0.84       722      0.073  0.771/0.742/0.816  0.96
      2:9      142      901      0.264  0.768/0.729/0.647  0.99       915      0.042  0.500/0.810/0.900  0.97
      2:10     141      703      0.316  0.911/0.800/0.730  0.97       745      0.054  0.120/0.827/0.929  0.95
      2:11     142      926      0.285  0.991/0.619/0.644  0.86       839      0.064  0.471/0.784/0.918  0.92
      2:12     142      812      0.249  0.913/0.521/0.607  0.57       810      0.051  0.615/0.727/0.797  1.00
      2:13     142     1016      0.268  1.000/0.594/0.673  0.94       919      0.042  0.323/0.722/0.834  0.94
      2:14     142      722      0.219  0.810/0.650/0.645  0.88       699      0.033  0.038/0.741/0.818  0.76
      2:15     142      945      0.412  0.842/0.715/0.686  0.89       774      0.099  0.796/0.852/0.907  1.00
      3:0      124      861      0.259  0.539/0.716/0.785  1.00       809      0.041  0.932/0.837/0.864  1.00
      3:1      124      809      0.419  0.722/0.654/0.735  0.98       760      0.055  0.387/0.780/0.884  0.98
      3:2      124      632      0.320  0.947/0.605/0.735  0.97       722      0.051  0.744/0.732/0.789  1.00
      3:3      123      994      0.456  0.819/0.677/0.672  1.00       924      0.052  0.705/0.878/0.896  1.00
      3:4      124      918      0.411  0.871/0.736/0.760  1.00       784      0.052  0.973/0.850/0.899  1.00
      3:5      124      799      0.421  0.377/0.708/0.664  0.94       833      0.062  0.722/0.784/0.849  1.00
      3:6      124      784      0.277  0.000/0.628/0.695  0.95       751      0.065  0.428/0.810/0.854  0.99
      3:7      124      690      0.346  0.393/0.648/0.630  0.97       628      0.030  0.513/0.783/0.830  0.93
      4:0       44      427      0.443  0.792/0.543/0.464  0.66       198      0.152  0.833/0.758/0.709  1.00
      4:1       44      598      0.569  1.000/0.769/0.627  1.00       240      0.196  1.000/0.900/0.888  1.00
      4:2       44      707      0.477  1.000/0.714/0.714  1.00       289      0.118  0.978/0.855/0.860  1.00
      4:3       43      839      0.495  0.685/0.707/0.652  1.00       303      0.172  0.643/0.868/0.846  1.00

    voi3b_comp_yk:
      FILED rows                                              PROBE rows [Q3]
      slot   reads  n(last) base(last)  auc f/med/last  >.5   n(last) base(last)  auc f/med/last  >.5
      2:0      141      803      0.169  0.175/0.714/0.614  0.97         0          -          (no probe)   
      2:1      142      736      0.224  0.250/0.672/0.626  0.99         0          -          (no probe)   
      2:2      141      942      0.332  0.000/0.637/0.726  0.93         0          -          (no probe)   
      2:3      142      786      0.169  0.950/0.858/0.808  1.00         0          -          (no probe)   
      2:4      142      926      0.317  0.923/0.663/0.626  0.95         0          -          (no probe)   
      2:5      142      769      0.203  0.062/0.647/0.710  0.91         0          -          (no probe)   
      2:6      142      689      0.219  0.108/0.648/0.633  0.98         0          -          (no probe)   
      2:7      142      827      0.252  0.987/0.668/0.668  0.99         0          -          (no probe)   
      2:8      142      647      0.260  0.871/0.625/0.661  0.93         0          -          (no probe)   
      2:9      142      643      0.185  0.768/0.425/0.622  0.27         0          -          (no probe)   
      2:10     141      755      0.220  0.755/0.715/0.689  0.96         0          -          (no probe)   
      2:11     142      970      0.210  0.991/0.551/0.759  0.58         0          -          (no probe)   
      2:12     142      707      0.208  0.913/0.630/0.695  0.92         0          -          (no probe)   
      2:13     142      979      0.415  1.000/0.576/0.577  0.87         0          -          (no probe)   
      2:14     142      760      0.238  0.810/0.635/0.548  0.92         0          -          (no probe)   
      2:15     142      888      0.336  0.842/0.684/0.712  0.96         0          -          (no probe)   
      3:0      124      882      0.221  1.000/0.690/0.687  0.99         0          -          (no probe)   
      3:1      124      764      0.255  0.971/0.715/0.682  1.00         0          -          (no probe)   
      3:2      124      820      0.310  0.509/0.567/0.607  0.77         0          -          (no probe)   
      3:3      124      789      0.478  0.054/0.737/0.697  0.98         0          -          (no probe)   
      3:4      124      939      0.214  0.578/0.743/0.701  1.00         0          -          (no probe)   
      3:5      124      695      0.314  0.010/0.655/0.751  0.94         0          -          (no probe)   
      3:6      124      719      0.318  0.923/0.652/0.717  0.97         0          -          (no probe)   
      3:7      124      997      0.387  0.892/0.577/0.608  0.93         0          -          (no probe)   
      4:0       44      811      0.234  0.881/0.766/0.827  1.00         0          -          (no probe)   
      4:1       44      440      0.243  1.000/0.429/0.577  0.25         0          -          (no probe)   
      4:2       44      539      0.276  0.716/0.676/0.727  1.00         0          -          (no probe)   
      4:3       44      891      0.363  0.796/0.650/0.558  0.98         0          -          (no probe)   

====================================================================================================
[K] EPSILON — its OWN counters, and the frontier it is confined to
====================================================================================================
    `n_eps` counts calls where epsilon FIRED; `eps_shift` those where the uniform class
    draw actually changed the write (it is below `n_eps` because a uniform draw can land
    on the class the argmax would have written). These are separate from `shift`, which
    also counts the CRITIC re-deciding — on a governed arm the two are not separable
    from `shift` alone. Q1 §19 is why the frontier confinement exists at all.

    voi3b_comp_pr_yk: epsilon never fired (argmax arm).

    voi3b_comp_yk: epsilon never fired (argmax arm).

====================================================================================================
[L] GOVERNANCE — which slots the critic earned, when, and how often it moved the write
====================================================================================================
    A slot is governed once it holds `vo_critic_min` filed rows. `shift - eps_shift`
    is the part of the re-decision the CRITIC is responsible for.

    voi3b_comp_pr_yk:  28 slots governed
      slot   first  last   calls     critic-moved share
      2:0   c60    c201    125410               0.352
      2:1   c60    c201    257352               0.424
      2:2   c60    c201    213068               0.285
      2:3   c60    c201     72742               0.369
      2:4   c61    c201     51096               0.312
      2:5   c60    c201    166990               0.261
      2:6   c60    c201    163713               0.263
      2:7   c60    c201     92153               0.380
      2:8   c60    c201    141573               0.317
      2:9   c60    c201    179353               0.366
      2:10  c60    c201     94673               0.347
      2:11  c60    c201     51087               0.508
      2:12  c60    c201    488559               0.156
      2:13  c60    c201    276641               0.149
      2:14  c60    c201     58325               0.398
      2:15  c60    c201    334706               0.198
      3:0   c78    c201    178509               0.301
      3:1   c78    c201    170700               0.334
      3:2   c78    c201    124959               0.182
      3:3   c78    c201    385446               0.072
      3:4   c78    c201    346440               0.373
      3:5   c78    c201    337848               0.233
      3:6   c78    c201   1643667               0.156
      3:7   c78    c201    423013               0.148
      4:0   c158   c201    108999               0.156
      4:1   c158   c201    154674               0.014
      4:2   c158   c201    161424               0.083
      4:3   c158   c201    360925               0.005

    voi3b_comp_yk:  28 slots governed
      slot   first  last   calls     critic-moved share
      2:0   c60    c201    186285               0.317
      2:1   c60    c201     64492               0.546
      2:2   c60    c201    205361               0.358
      2:3   c60    c201    122571               0.476
      2:4   c61    c201     83700               0.513
      2:5   c60    c201     64245               0.443
      2:6   c60    c201    114136               0.393
      2:7   c60    c201    156899               0.408
      2:8   c60    c201     86181               0.593
      2:9   c60    c201     69893               0.460
      2:10  c60    c201    115665               0.408
      2:11  c60    c201     64731               0.557
      2:12  c60    c201    632384               0.229
      2:13  c60    c201    272287               0.250
      2:14  c60    c201    103399               0.323
      2:15  c60    c201    225369               0.436
      3:0   c78    c201    324982               0.224
      3:1   c78    c201     98104               0.532
      3:2   c78    c201    355398               0.216
      3:3   c78    c201    318530               0.153
      3:4   c78    c201     99365               0.360
      3:5   c78    c201    228582               0.318
      3:6   c78    c201   1427060               0.230
      3:7   c78    c201    576073               0.181
      4:0   c158   c201    110651               0.268
      4:1   c158   c201     97553               0.010
      4:2   c158   c201    127572               0.201
      4:3   c158   c201    312322               0.046

====================================================================================================
[M] THE CORRIDOR UNDER A MOVED WRITE — misfire with the treatment's own draws removed
====================================================================================================
    `n_misfire` counts FIRED rows (the head executed) whose span did not match
    `dp_features` exactly. Where the treatment RE-DECIDED the write, a mismatch with the
    DP's row IS the treatment and not a defect — so the raw rate is not the corridor's
    health on a treated arm.

    [Q3] THE SPLIT Q2 COULD NOT MAKE. `n_sampled` / `n_xp_shift` count every
    re-decided call, OPEN and CLOSED alike, and `n_fired` counts only calls the head
    executed — so on an arm whose corridor is mostly shut, Q2's `shift - misfire` was
    a subtraction across two different denominators and `excess` had to be withheld
    wherever `shift > n_misfire`. The recorder now tallies the shift BY PATH
    (`n_shift_fired` / `n_shift_closed`), so `excess` below is
        (n_misfire - shift_FIRED) / n_fired
    on the same denominator throughout. It is the misfire the moved write does NOT
    explain. A negative value means the head matched the DP on rows the treatment had
    moved — possible, and printed rather than clipped. Q2's undecomposable form is kept
    in the last two columns so a Q2 tag reduces to the same numbers it did.

    arm                    open max/last  n_fired    misfire   shift_fire  shift_clos   excess    [Q2 form]
    voi3b_comp_pr_yk           28 /   27    6329388    0.2163     1151529      326273    0.0344   shift/sampled 0.2063 excess n/a
    voi3b_comp_yk              28 /   28    5850356    0.2726     1330907      448951    0.0451   shift/sampled 0.2679 excess n/a

    n_open per 10 cycles:
      voi3b_comp_pr_yk         0   0   0   0   0   0   0  16  17  24  24  24  24  24  24  24  25  28  28  28  27
      voi3b_comp_yk            0   0   0   0   0   0   0  16  16  23  24  24  24  24  24  24  25  28  28  28  28

====================================================================================================
[N] THE COMPOSED CHOICE — how often the critic moved the write off the DP's row
====================================================================================================
    On a governed slot the composed chooser is  argmax_t  z(dp_t / span) + w * z(critic_t)
    over the on-table candidates, each z-scored over the candidate SET. `moved` is the
    share of governed calls where that argmax is not the DP's own argmax — MEASURED at
    the choice, never inferred from the write.

    `dp_vs_head` is printed beside it and is a DIFFERENT quantity: on an OPEN slot the
    executor's own would-be write is the head's emission, not the DP's row, so the two
    priors already disagree before the critic is consulted. Reading `moved` without it
    would attribute that standing disagreement to the critic. It is 0 on a closed slot
    by construction (there the DP IS the writer).

    A `moved` share near 0 says the critic is decorative at this w; near 1 says the DP
    is. Neither is a defect and neither is read as one here.

    voi3b_comp_pr_yk:  mode=composed  w=1.0
      cell    governed calls      moved   share    dp_vs_head share
      2n0             125410      48523   0.387              0.107
      2n1             257352     116498   0.453              0.091
      2n2             213068      62780   0.295              0.091
      2n3              72742      28211   0.388              0.104
      2n4              51096      17045   0.334              0.130
      2n5             166990      46512   0.279              0.102
      2n6             163713      49216   0.301              0.081
      2n7              92153      36859   0.400              0.089
      2n8             141573      47372   0.335              0.095
      2n9             179353      69734   0.389              0.100
      2n10             94673      33666   0.356              0.089
      2n11             51087      27009   0.529              0.105
      2n12            488559      65706   0.134              0.093
      2n13            276641      38669   0.140              0.076
      2n14             58325      24967   0.428              0.078
      2n15            334706      74017   0.221              0.091
      3n0             178509      70452   0.395              0.174
      3n1             170700      60899   0.357              0.188
      3n2             124959      25277   0.202              0.104
      3n3             385446      55222   0.143              0.108
      3n4             346440     156780   0.453              0.228
      3n5             337848     103846   0.307              0.227
      3n6            1643667     305433   0.186              0.140
      3n7             423013      78957   0.187              0.147
      4n0             108999      15619   0.143              0.102
      4n1             154674       2078   0.013              0.001
      4n2             161424      17501   0.108              0.076
      4n3             360925       5509   0.015              0.010
      ALL            7164045    1684357   0.235

    voi3b_comp_yk:  mode=composed  w=1.0
      cell    governed calls      moved   share    dp_vs_head share
      2n0             186285      64853   0.348              0.115
      2n1              64492      36627   0.568              0.083
      2n2             205361      82737   0.403              0.135
      2n3             122571      64718   0.528              0.137
      2n4              83700      48314   0.577              0.179
      2n5              64245      31071   0.484              0.101
      2n6             114136      49951   0.438              0.073
      2n7             156899      73260   0.467              0.138
      2n8              86181      52948   0.614              0.128
      2n9              69893      34715   0.497              0.111
      2n10            115665      50188   0.434              0.124
      2n11             64731      39798   0.615              0.124
      2n12            632384     144989   0.229              0.111
      2n13            272287      77090   0.283              0.089
      2n14            103399      37096   0.359              0.088
      2n15            225369     105964   0.470              0.127
      3n0             324982     100451   0.309              0.139
      3n1              98104      55766   0.568              0.176
      3n2             355398     101789   0.286              0.142
      3n3             318530      65285   0.205              0.089
      3n4              99365      41284   0.415              0.102
      3n5             228582      89653   0.392              0.171
      3n6            1427060     373728   0.262              0.147
      3n7             576073     129892   0.225              0.106
      4n0             110651      27269   0.246              0.075
      4n1              97553        922   0.009              0.006
      4n2             127572      25318   0.198              0.040
      4n3             312322      14689   0.047              0.006
      ALL            6643790    2020365   0.304

====================================================================================================
[O] BABBLING OFF-STREAM — the probe's counts, what it graded, and its share of the bill
====================================================================================================
    Per governed slot per cycle, up to `vo_probe_n` filed contexts: the trajectory's
    FINAL configuration with a DIFFERENT on-table class substituted at that slot,
    rendered and graded once. The verdict answers 'would this write ALONE have been
    right, holding the rest of the trajectory fixed' — not 'would the beam have
    solved it'; the rest of the trajectory is the beam's own, unchanged. Said here
    because the probe's solve rate is only comparable to the FILED rate under that
    reading.

    PRICED: every probe grading is a grounding on the meter at `d_fb`, inside the
    cycle's own ledger. `share` below is of the WHOLE cycle's priced ledger, the
    probe's own cost included — the number the design's ~5% cap is stated against.
    Gate V-4B asserts the bill moved by exactly the probe count and gate V-5 that
    nothing else did.

    arm                    probes   graded    solved   solve rate    bill: mean / max    cycles billed
    voi3b_comp_pr_yk       207413   207413     11692       0.0564    0.0060 / 0.0080        141 / 201
    voi3b_comp_yk          (no probe)

    the FILED solve rate on the same slots, for the comparison the reading above
    licenses (both are per-write verdicts; the filed one is on the write that was
    actually made, the probe one on a substitution into the same final state):
      voi3b_comp_pr_yk       filed  138391/464341  = 0.2980    probe   11692/207413  = 0.0564

    the bill per era, so a share that grows with the ladder is visible:
      voi3b_comp_pr_yk       e1:0.0000  e2:0.0048  e3:0.0059  e4:0.0067  e5:0.0076

====================================================================================================
[Y] THE CLOCK YOKES — realised against planned (gate Y-1's check, post hoc)
====================================================================================================
    A clock yoke replays its source's realised commit and advance CYCLES and decides
    nothing else. That is the round's whole control: the chooser is read at L4 and L5
    with the same slots open at the same cycles as the anchor, so a level-resolved
    readout is not silently comparing two different ladders. Gate Y-1 asserts the match
    in `preflight`; this is the same check on the paid tag.

    `cancelled` actions are EXCLUDED from the match and printed separately: a replayed
    commit whose build is empty is cancelled by the substrate, not by the clock. Those
    are a finding about the arm's BOOK — it had nothing to commit at a cycle the anchor
    did — and are the one place a yoked arm's ladder can still fall short of its source.

    source: vo_s3d2:voi3_dp
    voi3b_comp_pr_yk
      commits   planned [59, 77, 157]
                realised [59, 77, 157]    MATCH = True
      advances  planned [60, 110, 180, 192, 201]
                realised [60, 110, 180, 192, 201]    MATCH = True
      cancelled (the book had nothing to commit there): none
      commit LEVELS realised: [(2, 59), (3, 77), (4, 157)]
      lifetime  source 201 cycles / 50,979,162g    yoke 201 cycles / 51,168,591g

    voi3b_comp_yk
      commits   planned [59, 77, 157]
                realised [59, 77, 157]    MATCH = True
      advances  planned [60, 110, 180, 192, 201]
                realised [60, 110, 180, 192, 201]    MATCH = True
      cancelled (the book had nothing to commit there): none
      commit LEVELS realised: [(2, 59), (3, 77), (4, 157)]
      lifetime  source 201 cycles / 50,979,162g    yoke 201 cycles / 50,937,152g


====================================================================================================
[Z] THE L4/L5 PANEL — every readout the round turns on, at the cells it turns on
====================================================================================================
    Q3 could not produce this table: no treated arm except Q2's replace-critic had an
    L4 or L5 slot at all, because each one reached or missed L3 through the commit
    latch's response to its own L2 writes. With the ladder yoked, every arm has the
    anchor's slots at the anchor's cycles and the chooser is finally READ where the
    node is about.

    rep     the written class holds SOME feature that repairs the instance there — the
            honest measure, and on an open slot it IS the head's class accuracy on
            held-out data (fresh instances every cycle).
    cont    it holds the CLEAN derivation's latent — a stricter and less forgiving read;
            the gap between the two is the chooser spreading over classes the clean
            derivation did not carry (`DESIGN.md` §23's correction).
    dist    distinct tuples written, `top1` the share of filed writes on one tuple.
    moved   the composed argmax was not the DP's row (composed arms only).

    voi3b_comp_pr_yk:
      cell    rows   writes    rep          cont         dist  top1    moved
      4n0       132     5353   0.244 (  2687)  0.628 (  5353)    2.3  0.725   0.143
      4n1       132     6481   0.356 (  2758)  0.869 (  6481)    1.2  0.974   0.013
      4n2       132     8189   0.396 (  2741)  0.763 (  8189)    1.9  0.839   0.108
      4n3       132    15041   0.659 (  2816)  0.859 ( 15041)    1.1  0.996   0.015

    voi3b_comp_yk:
      cell    rows   writes    rep          cont         dist  top1    moved
      4n0       108     6638   0.288 (  2788)  0.704 (  6638)    1.9  0.785   0.246
      4n1       108     4880   0.392 (  2618)  0.863 (  4880)    1.2  0.955   0.009
      4n2       108     6845   0.311 (  2625)  0.779 (  6845)    1.5  0.909   0.198
      4n3       108    13639   0.664 (  2782)  0.845 ( 13639)    1.4  0.975   0.047

