# grokking / mint -- tag m1   (p=97, n_train=2822, seed 42, 40000 epochs)
# gate rules (tol in census_walk's `e_x <= best_e + tol`): le0=+0.000000, lt1=-0.000177, m3=-0.005704
# every compiled form is gated by its OWN agreement with the net's own argmax on the train pairs;
# 'held' = that form's label accuracy on the 6587 held-out pairs at its kept K (logged, never consumed).
# A = closed form sum cos, ALS = cos amplitudes LS-fit to the net's train logits,
# B = net with units whose dominant w not in K zeroed, C = net with layer-0 rows filtered to DC+K.

net (true labels): first eval epoch with test acc >= 0.5/0.9/0.95/0.99/1.0: 10750/12850/13700/16050/18550  (eval every 50 epochs)
training wall-clock: true 235s, shuffled 245s (8-CPU container)

## Per-snapshot table, rule le0  (true-label run)
 epoch net_tr net_te  n90    PR |  kA  heldA | kALS   hALS |  kB units  heldB |  kC  heldC | K_B
    -1  0.010  0.011   43  47.9 |   0  0.010 |   18  0.000 |  15    33  0.010 |  16  0.010 | 4,5,10,11,17,19,20,22,23,27,31,34,41,43,...
     0  0.010  0.010   43  47.9 |   0  0.010 |   26  0.000 |  21    50  0.010 |   5  0.010 | 1,3,4,5,8,11,14,15,17,20,21,22,23,24,...
   250  0.983  0.000   43  47.4 |  48  1.000 |   48  1.000 |  37    97  0.002 |  46  0.000 | 1,2,3,4,5,6,7,10,13,14,15,16,17,18,...
   500  1.000  0.000   43  47.2 |  48  1.000 |   48  1.000 |  38   109  0.001 |  48  0.000 | 1,3,4,5,6,9,10,11,12,13,14,15,17,18,...
   750  1.000  0.000   43  46.9 |  48  1.000 |   48  1.000 |  43   117  0.001 |  47  0.000 | 1,2,3,4,5,6,8,9,10,11,12,13,14,16,...
  1000  1.000  0.000   43  46.6 |  48  1.000 |   48  1.000 |  44   122  0.001 |  45  0.000 | 1,2,3,4,5,6,7,8,9,10,11,12,13,14,...
  1250  1.000  0.000   42  46.1 |  48  1.000 |   48  1.000 |  45   123  0.001 |  47  0.000 | 1,2,3,4,5,6,7,8,9,10,11,12,13,14,...
  1500  1.000  0.000   42  45.4 |  48  1.000 |   48  1.000 |  44   116  0.001 |  48  0.000 | 1,2,3,4,5,6,7,8,9,10,11,12,13,14,...
  1750  1.000  0.001   42  44.6 |  48  1.000 |   48  1.000 |  47   126  0.001 |  45  0.002 | 1,2,3,4,5,6,7,8,9,10,11,12,14,15,...
  2000  1.000  0.001   42  43.7 |  48  1.000 |   48  1.000 |  48   128  0.001 |  46  0.001 | 1,2,3,4,5,6,7,8,9,10,11,12,13,14,...
  2250  1.000  0.002   42  42.7 |  48  1.000 |   48  1.000 |  48   128  0.002 |  48  0.002 | 1,2,3,4,5,6,7,8,9,10,11,12,13,14,...
  2500  1.000  0.002   42  41.6 |  48  1.000 |   48  1.000 |  48   128  0.002 |  48  0.002 | 1,2,3,4,5,6,7,8,9,10,11,12,13,14,...
  2750  1.000  0.002   42  40.5 |  48  1.000 |   48  1.000 |  48   128  0.002 |  46  0.005 | 1,2,3,4,5,6,7,8,9,10,11,12,13,14,...
  3000  1.000  0.003   42  39.6 |  48  1.000 |   48  1.000 |  47   123  0.004 |  47  0.005 | 1,2,3,4,5,6,7,8,9,10,11,12,13,14,...
  3250  1.000  0.004   42  38.8 |  48  1.000 |   48  1.000 |  47   123  0.005 |  48  0.004 | 1,2,3,4,5,6,7,8,9,10,11,12,13,14,...
  3500  1.000  0.004   42  38.0 |  48  1.000 |   48  1.000 |  46   126  0.005 |  48  0.004 | 1,2,3,4,5,6,7,8,9,10,11,12,13,15,...
  3750  1.000  0.006   41  37.4 |  48  1.000 |   48  1.000 |  46   124  0.007 |  48  0.006 | 1,2,3,4,5,6,7,8,9,10,11,12,13,14,...
  4000  1.000  0.007   41  36.8 |  48  1.000 |   48  1.000 |  45   124  0.009 |  48  0.007 | 1,2,3,4,5,6,7,8,9,10,11,12,13,16,...
  4250  1.000  0.010   41  36.2 |  48  1.000 |   48  1.000 |  46   125  0.010 |  48  0.010 | 1,2,3,4,5,6,7,8,9,10,11,12,13,14,...
  4500  1.000  0.013   41  35.9 |  48  1.000 |   48  1.000 |  43   121  0.014 |  48  0.013 | 1,2,3,5,6,7,8,9,10,11,12,13,14,15,...
  4750  1.000  0.016   41  35.5 |  48  1.000 |   48  1.000 |  42   117  0.019 |  48  0.016 | 1,2,3,4,5,6,7,8,9,10,11,12,13,15,...
  5000  1.000  0.019   41  35.2 |  48  1.000 |   48  1.000 |  45   122  0.022 |  48  0.019 | 1,2,3,4,6,7,8,9,10,11,12,13,15,16,...
  5250  1.000  0.021   41  34.9 |  48  1.000 |   48  1.000 |  45   122  0.025 |  48  0.021 | 1,2,3,4,6,7,8,9,10,11,12,13,15,16,...
  5500  1.000  0.027   41  34.6 |  48  1.000 |   48  1.000 |  42   119  0.029 |  48  0.027 | 1,2,3,6,7,8,10,11,12,13,14,15,16,17,...
  5750  1.000  0.032   40  34.3 |  48  1.000 |   48  1.000 |  42   119  0.033 |  48  0.032 | 1,2,3,4,6,7,8,10,11,12,13,14,15,16,...
  6000  1.000  0.038   40  34.0 |  48  1.000 |   48  1.000 |  42   120  0.039 |  48  0.038 | 1,2,3,4,6,7,8,9,10,11,12,13,14,15,...
  6250  1.000  0.043   40  33.7 |  48  1.000 |   48  1.000 |  43   121  0.047 |  48  0.043 | 1,2,3,4,5,6,7,8,9,10,11,12,13,14,...
  6500  1.000  0.051   40  33.5 |  48  1.000 |   48  1.000 |  44   124  0.051 |  48  0.051 | 1,2,3,4,6,7,8,9,10,11,12,13,15,16,...
  6750  1.000  0.060   40  33.2 |  48  1.000 |   48  1.000 |  47   127  0.059 |  48  0.060 | 1,2,3,4,5,6,7,8,9,10,11,12,13,14,...
  7000  1.000  0.067   40  33.0 |  48  1.000 |   48  1.000 |  46   124  0.072 |  48  0.067 | 1,2,3,4,5,6,7,8,9,10,11,12,13,14,...
  7250  1.000  0.077   40  32.7 |  48  1.000 |   48  1.000 |  47   127  0.077 |  48  0.077 | 1,2,3,5,6,7,8,9,10,11,12,13,14,15,...
  7500  1.000  0.089   39  32.4 |  48  1.000 |   48  1.000 |  46   124  0.091 |  48  0.089 | 1,2,3,4,5,6,7,8,9,10,11,12,13,14,...
  7750  1.000  0.103   39  32.1 |  48  1.000 |   48  1.000 |  43   121  0.109 |  48  0.103 | 1,2,3,4,5,7,8,9,10,11,12,13,14,15,...
  8000  1.000  0.122   39  31.8 |  48  1.000 |   48  1.000 |  43   121  0.125 |  48  0.122 | 1,2,3,4,5,7,8,9,10,11,12,13,14,15,...
  8250  1.000  0.138   39  31.5 |  48  1.000 |   48  1.000 |  45   123  0.145 |  48  0.138 | 1,2,3,4,5,7,8,9,10,11,12,13,14,15,...
  8500  1.000  0.157   39  31.2 |  48  1.000 |   48  1.000 |  47   125  0.148 |  48  0.157 | 1,2,3,4,5,6,7,8,9,10,11,12,13,14,...
  8750  1.000  0.183   38  30.9 |  48  1.000 |   48  1.000 |  48   128  0.183 |  48  0.183 | 1,2,3,4,5,6,7,8,9,10,11,12,13,14,...
  9000  1.000  0.211   38  30.5 |  48  1.000 |   48  1.000 |  48   128  0.211 |  47  0.214 | 1,2,3,4,5,6,7,8,9,10,11,12,13,14,...
  9250  1.000  0.242   38  30.2 |  48  1.000 |   48  1.000 |  47   125  0.241 |  47  0.244 | 1,2,3,4,5,6,7,9,10,11,12,13,14,15,...
  9500  1.000  0.274   38  29.8 |  48  1.000 |   48  1.000 |  47   126  0.274 |  45  0.294 | 1,2,3,4,5,6,7,8,9,10,11,12,13,14,...
  9750  1.000  0.314   38  29.5 |  48  1.000 |   48  1.000 |  48   128  0.314 |  47  0.314 | 1,2,3,4,5,6,7,8,9,10,11,12,13,14,...
 10000  1.000  0.352   37  29.1 |  48  1.000 |   48  1.000 |  46   125  0.347 |  41  0.395 | 1,2,3,4,5,6,8,9,10,11,12,13,14,15,...
 10250  1.000  0.396   37  28.7 |  48  1.000 |   48  1.000 |  45   123  0.389 |  45  0.414 | 1,2,3,4,5,6,8,9,10,11,12,13,14,15,...
 10500  1.000  0.450   37  28.3 |  48  1.000 |   48  1.000 |  46   124  0.446 |  45  0.471 | 1,2,3,4,5,6,7,9,10,11,12,13,14,15,...
 10750  1.000  0.504   36  27.8 |  48  1.000 |   48  1.000 |  48   128  0.504 |  46  0.514 | 1,2,3,4,5,6,7,8,9,10,11,12,13,14,...
 11000  1.000  0.564   36  27.3 |  48  1.000 |   48  1.000 |  47   126  0.562 |  41  0.603 | 1,2,3,4,5,6,7,9,10,11,12,13,14,15,...
 11250  1.000  0.630   36  26.6 |  48  1.000 |   48  1.000 |  48   128  0.630 |  46  0.635 | 1,2,3,4,5,6,7,8,9,10,11,12,13,14,...
 11500  1.000  0.693   35  26.0 |  48  1.000 |   48  1.000 |  48   128  0.693 |  45  0.706 | 1,2,3,4,5,6,7,8,9,10,11,12,13,14,...
 11750  1.000  0.752   35  25.4 |  48  1.000 |   48  1.000 |  48   128  0.752 |  43  0.755 | 1,2,3,4,5,6,7,8,9,10,11,12,13,14,...
 12000  1.000  0.800   34  24.7 |  48  1.000 |   48  1.000 |  48   128  0.800 |  43  0.806 | 1,2,3,4,5,6,7,8,9,10,11,12,13,14,...
 12250  1.000  0.841   34  24.1 |  48  1.000 |   48  1.000 |  47   126  0.838 |  44  0.845 | 1,2,3,4,5,6,7,8,9,10,11,12,13,14,...
 12500  1.000  0.874   33  23.6 |  48  1.000 |   48  1.000 |  48   128  0.874 |  47  0.866 | 1,2,3,4,5,6,7,8,9,10,11,12,13,14,...
 12750  1.000  0.897   32  23.1 |  48  1.000 |   48  1.000 |  48   128  0.897 |  46  0.896 | 1,2,3,4,5,6,7,8,9,10,11,12,13,14,...
 13000  1.000  0.914   32  22.6 |  48  1.000 |   48  1.000 |  48   128  0.914 |  48  0.914 | 1,2,3,4,5,6,7,8,9,10,11,12,13,14,...
 13250  1.000  0.932   31  22.3 |  48  1.000 |   48  1.000 |  48   128  0.932 |  40  0.923 | 1,2,3,4,5,6,7,8,9,10,11,12,13,14,...
 13500  1.000  0.944   30  21.9 |  48  1.000 |   48  1.000 |  48   128  0.944 |  41  0.933 | 1,2,3,4,5,6,7,8,9,10,11,12,13,14,...
 13750  1.000  0.954   30  21.6 |  48  1.000 |   48  1.000 |  48   128  0.954 |  45  0.954 | 1,2,3,4,5,6,7,8,9,10,11,12,13,14,...
 14000  1.000  0.961   29  21.4 |  48  1.000 |   48  1.000 |  48   128  0.961 |  43  0.962 | 1,2,3,4,5,6,7,8,9,10,11,12,13,14,...
 14250  1.000  0.966   28  21.2 |  48  1.000 |   48  1.000 |  48   128  0.966 |  47  0.964 | 1,2,3,4,5,6,7,8,9,10,11,12,13,14,...
 14500  1.000  0.971   27  21.0 |  48  1.000 |   48  1.000 |  48   128  0.971 |  47  0.969 | 1,2,3,4,5,6,7,8,9,10,11,12,13,14,...
 14750  1.000  0.975   27  20.8 |  48  1.000 |   48  1.000 |  48   128  0.975 |  40  0.967 | 1,2,3,4,5,6,7,8,9,10,11,12,13,14,...
 15000  1.000  0.978   26  20.7 |  48  1.000 |   48  1.000 |  48   128  0.978 |  48  0.978 | 1,2,3,4,5,6,7,8,9,10,11,12,13,14,...
 15250  1.000  0.982   26  20.6 |  48  1.000 |   48  1.000 |  48   128  0.982 |  48  0.982 | 1,2,3,4,5,6,7,8,9,10,11,12,13,14,...
 15500  1.000  0.985   25  20.6 |  48  1.000 |   48  1.000 |  48   128  0.985 |  40  0.972 | 1,2,3,4,5,6,7,8,9,10,11,12,13,14,...
 15750  1.000  0.986   24  20.5 |  48  1.000 |   48  1.000 |  48   128  0.986 |  43  0.974 | 1,2,3,4,5,6,7,8,9,10,11,12,13,14,...
 16000  1.000  0.990   24  20.4 |  48  1.000 |   48  1.000 |  47   120  0.983 |  48  0.990 | 1,2,3,4,5,6,7,8,9,10,11,12,13,14,...
 16250  1.000  0.992   23  20.4 |  48  1.000 |   48  1.000 |  47   120  0.983 |  48  0.992 | 1,2,3,4,5,6,7,8,9,10,11,12,13,14,...
 16500  1.000  0.994   22  20.3 |  48  1.000 |   48  1.000 |  48   128  0.994 |  48  0.994 | 1,2,3,4,5,6,7,8,9,10,11,12,13,14,...
 16750  1.000  0.995   21  20.1 |  48  1.000 |   48  1.000 |  48   128  0.995 |  48  0.995 | 1,2,3,4,5,6,7,8,9,10,11,12,13,14,...
 17000  1.000  0.997   20  20.0 |  48  1.000 |   48  1.000 |  48   128  0.997 |  48  0.997 | 1,2,3,4,5,6,7,8,9,10,11,12,13,14,...
 17250  1.000  0.998   19  19.8 |  48  1.000 |   48  1.000 |  48   128  0.998 |  48  0.998 | 1,2,3,4,5,6,7,8,9,10,11,12,13,14,...
 17500  1.000  0.998   18  19.7 |  48  1.000 |   48  1.000 |  48   128  0.998 |  48  0.998 | 1,2,3,4,5,6,7,8,9,10,11,12,13,14,...
 17750  1.000  0.999   18  19.5 |  48  1.000 |   48  1.000 |  48   128  0.999 |  48  0.999 | 1,2,3,4,5,6,7,8,9,10,11,12,13,14,...
 18000  1.000  0.999   17  19.4 |  48  1.000 |   48  1.000 |  48   128  0.999 |  48  0.999 | 1,2,3,4,5,6,7,8,9,10,11,12,13,14,...
 18250  1.000  1.000   17  19.3 |  48  1.000 |   48  1.000 |  48   128  1.000 |  48  1.000 | 1,2,3,4,5,6,7,8,9,10,11,12,13,14,...
 18500  1.000  1.000   16  19.2 |  48  1.000 |   48  1.000 |  48   128  1.000 |  48  1.000 | 1,2,3,4,5,6,7,8,9,10,11,12,13,14,...
 18750  1.000  1.000   16  19.0 |  48  1.000 |   48  1.000 |  48   128  1.000 |  48  1.000 | 1,2,3,4,5,6,7,8,9,10,11,12,13,14,...
 19000  1.000  1.000   16  18.9 |  48  1.000 |   48  1.000 |  48   128  1.000 |  48  1.000 | 1,2,3,4,5,6,7,8,9,10,11,12,13,14,...
 19250  1.000  1.000   16  18.9 |  48  1.000 |   48  1.000 |  48   128  1.000 |  48  1.000 | 1,2,3,4,5,6,7,8,9,10,11,12,13,14,...
 19500  1.000  1.000   16  18.8 |  48  1.000 |   48  1.000 |  48   128  1.000 |  48  1.000 | 1,2,3,4,5,6,7,8,9,10,11,12,13,14,...
 19750  1.000  1.000   16  18.7 |  48  1.000 |   48  1.000 |  48   128  1.000 |  48  1.000 | 1,2,3,4,5,6,7,8,9,10,11,12,13,14,...
 20000  1.000  1.000   16  18.7 |  48  1.000 |   48  1.000 |  48   128  1.000 |  48  1.000 | 1,2,3,4,5,6,7,8,9,10,11,12,13,14,...
 20250  1.000  1.000   16  18.6 |  48  1.000 |   48  1.000 |  48   128  1.000 |  48  1.000 | 1,2,3,4,5,6,7,8,9,10,11,12,13,14,...
 20500  1.000  1.000   16  18.6 |  48  1.000 |   48  1.000 |  48   128  1.000 |  48  1.000 | 1,2,3,4,5,6,7,8,9,10,11,12,13,14,...
 20750  1.000  1.000   16  18.5 |  48  1.000 |   48  1.000 |  48   128  1.000 |  48  1.000 | 1,2,3,4,5,6,7,8,9,10,11,12,13,14,...
 21000  1.000  1.000   16  18.5 |  48  1.000 |   48  1.000 |  48   128  1.000 |  48  1.000 | 1,2,3,4,5,6,7,8,9,10,11,12,13,14,...
 21250  1.000  1.000   16  18.4 |  48  1.000 |   48  1.000 |  48   128  1.000 |  48  1.000 | 1,2,3,4,5,6,7,8,9,10,11,12,13,14,...
 21500  1.000  1.000   16  18.4 |  48  1.000 |   48  1.000 |  48   128  1.000 |  48  1.000 | 1,2,3,4,5,6,7,8,9,10,11,12,13,14,...
 21750  1.000  1.000   16  18.3 |  48  1.000 |   48  1.000 |  48   128  1.000 |  48  1.000 | 1,2,3,4,5,6,7,8,9,10,11,12,13,14,...
 22000  1.000  1.000   16  18.3 |  48  1.000 |   48  1.000 |  48   128  1.000 |  48  1.000 | 1,2,3,4,5,6,7,8,9,10,11,12,13,14,...
 22250  1.000  1.000   16  18.2 |  48  1.000 |   48  1.000 |  48   128  1.000 |  48  1.000 | 1,2,3,4,5,6,7,8,9,10,11,12,13,14,...
 22500  1.000  1.000   16  18.1 |  48  1.000 |   48  1.000 |  48   128  1.000 |  48  1.000 | 1,2,3,4,5,6,7,8,9,10,11,12,13,14,...
 22750  1.000  1.000   16  18.1 |  48  1.000 |   48  1.000 |  48   128  1.000 |  48  1.000 | 1,2,3,4,5,6,7,8,9,10,11,12,13,14,...
 23000  1.000  1.000   16  18.1 |  48  1.000 |   48  1.000 |  48   128  1.000 |  48  1.000 | 1,2,3,4,5,6,7,8,9,10,11,12,13,14,...
 23250  1.000  1.000   16  18.0 |  48  1.000 |   48  1.000 |  48   128  1.000 |  48  1.000 | 1,2,3,4,5,6,7,8,9,10,11,12,13,14,...
 23500  1.000  1.000   15  18.0 |  48  1.000 |   48  1.000 |  48   128  1.000 |  48  1.000 | 1,2,3,4,5,6,7,8,9,10,11,12,13,14,...
 23750  1.000  1.000   15  17.9 |  48  1.000 |   48  1.000 |  48   128  1.000 |  48  1.000 | 1,2,3,4,5,6,7,8,9,10,11,12,13,14,...
 24000  1.000  1.000   15  17.9 |  48  1.000 |   48  1.000 |  48   128  1.000 |  48  1.000 | 1,2,3,4,5,6,7,8,9,10,11,12,13,14,...
 24250  1.000  1.000   15  17.9 |  48  1.000 |   48  1.000 |  48   128  1.000 |  48  1.000 | 1,2,3,4,5,6,7,8,9,10,11,12,13,14,...
 24500  1.000  1.000   15  17.8 |  48  1.000 |   48  1.000 |  48   128  1.000 |  48  1.000 | 1,2,3,4,5,6,7,8,9,10,11,12,13,14,...
 24750  1.000  1.000   15  17.8 |  48  1.000 |   48  1.000 |  48   128  1.000 |  48  1.000 | 1,2,3,4,5,6,7,8,9,10,11,12,13,14,...
 25000  1.000  1.000   15  17.8 |  48  1.000 |   48  1.000 |  48   128  1.000 |  48  1.000 | 1,2,3,4,5,6,7,8,9,10,11,12,13,14,...
 25250  1.000  1.000   15  17.8 |  48  1.000 |   48  1.000 |  48   128  1.000 |  48  1.000 | 1,2,3,4,5,6,7,8,9,10,11,12,13,14,...
 25500  1.000  1.000   15  17.7 |  48  1.000 |   48  1.000 |  48   128  1.000 |  48  1.000 | 1,2,3,4,5,6,7,8,9,10,11,12,13,14,...
 25750  1.000  1.000   15  17.7 |  48  1.000 |   48  1.000 |  48   128  1.000 |  48  1.000 | 1,2,3,4,5,6,7,8,9,10,11,12,13,14,...
 26000  1.000  1.000   15  17.7 |  48  1.000 |   48  1.000 |  48   128  1.000 |  48  1.000 | 1,2,3,4,5,6,7,8,9,10,11,12,13,14,...
 26250  1.000  1.000   15  17.7 |  48  1.000 |   48  1.000 |  48   128  1.000 |  48  1.000 | 1,2,3,4,5,6,7,8,9,10,11,12,13,14,...
 26500  1.000  1.000   15  17.7 |  48  1.000 |   48  1.000 |  48   128  1.000 |  48  1.000 | 1,2,3,4,5,6,7,8,9,10,11,12,13,14,...
 26750  1.000  1.000   15  17.6 |  48  1.000 |   48  1.000 |  48   128  1.000 |  48  1.000 | 1,2,3,4,5,6,7,8,9,10,11,12,13,14,...
 27000  1.000  1.000   15  17.6 |  48  1.000 |   48  1.000 |  48   128  1.000 |  48  1.000 | 1,2,3,4,5,6,7,8,9,10,11,12,13,14,...
 27250  1.000  1.000   15  17.6 |  48  1.000 |   48  1.000 |  48   128  1.000 |  48  1.000 | 1,2,3,4,5,6,7,8,9,10,11,12,13,14,...
 27500  1.000  1.000   15  17.6 |  48  1.000 |   48  1.000 |  48   128  1.000 |  48  1.000 | 1,2,3,4,5,6,7,8,9,10,11,12,13,14,...
 27750  1.000  1.000   15  17.6 |  48  1.000 |   48  1.000 |  48   128  1.000 |  48  1.000 | 1,2,3,4,5,6,7,8,9,10,11,12,13,14,...
 28000  1.000  1.000   15  17.6 |  48  1.000 |   48  1.000 |  48   128  1.000 |  48  1.000 | 1,2,3,4,5,6,7,8,9,10,11,12,13,14,...
 28250  1.000  1.000   15  17.6 |  48  1.000 |   48  1.000 |  48   128  1.000 |  48  1.000 | 1,2,3,4,5,6,7,8,9,10,11,12,13,14,...
 28500  1.000  1.000   15  17.6 |  48  1.000 |   48  1.000 |  48   128  1.000 |  48  1.000 | 1,2,3,4,5,6,7,8,9,10,11,12,13,14,...
 28750  1.000  1.000   15  17.5 |  48  1.000 |   48  1.000 |  48   128  1.000 |  48  1.000 | 1,2,3,4,5,6,7,8,9,10,11,12,13,14,...
 29000  1.000  1.000   15  17.5 |  48  1.000 |   48  1.000 |  48   128  1.000 |  48  1.000 | 1,2,3,4,5,6,7,8,9,10,11,12,13,14,...
 29250  1.000  1.000   15  17.5 |  48  1.000 |   48  1.000 |  48   128  1.000 |  48  1.000 | 1,2,3,4,5,6,7,8,9,10,11,12,13,14,...
 29500  1.000  1.000   15  17.5 |  48  1.000 |   48  1.000 |  48   128  1.000 |  48  1.000 | 1,2,3,4,5,6,7,8,9,10,11,12,13,14,...
 29750  1.000  1.000   15  17.5 |  48  1.000 |   48  1.000 |  48   128  1.000 |  48  1.000 | 1,2,3,4,5,6,7,8,9,10,11,12,13,14,...
 30000  1.000  1.000   15  17.5 |  48  1.000 |   48  1.000 |  48   128  1.000 |  48  1.000 | 1,2,3,4,5,6,7,8,9,10,11,12,13,14,...
 30250  1.000  1.000   15  17.5 |  48  1.000 |   48  1.000 |  48   128  1.000 |  48  1.000 | 1,2,3,4,5,6,7,8,9,10,11,12,13,14,...
 30500  1.000  1.000   15  17.5 |  48  1.000 |   48  1.000 |  48   128  1.000 |  48  1.000 | 1,2,3,4,5,6,7,8,9,10,11,12,13,14,...
 30750  1.000  1.000   15  17.5 |  48  1.000 |   48  1.000 |  48   128  1.000 |  48  1.000 | 1,2,3,4,5,6,7,8,9,10,11,12,13,14,...
 31000  1.000  1.000   15  17.5 |  48  1.000 |   48  1.000 |  48   128  1.000 |  48  1.000 | 1,2,3,4,5,6,7,8,9,10,11,12,13,14,...
 31250  1.000  1.000   15  17.5 |  48  1.000 |   48  1.000 |  48   128  1.000 |  48  1.000 | 1,2,3,4,5,6,7,8,9,10,11,12,13,14,...
 31500  1.000  1.000   15  17.5 |  48  1.000 |   48  1.000 |  48   128  1.000 |  48  1.000 | 1,2,3,4,5,6,7,8,9,10,11,12,13,14,...
 31750  1.000  1.000   15  17.5 |  48  1.000 |   48  1.000 |  48   128  1.000 |  48  1.000 | 1,2,3,4,5,6,7,8,9,10,11,12,13,14,...
 32000  1.000  1.000   15  17.5 |  48  1.000 |   48  1.000 |  48   128  1.000 |  48  1.000 | 1,2,3,4,5,6,7,8,9,10,11,12,13,14,...
 32250  1.000  1.000   15  17.5 |  48  1.000 |   48  1.000 |  48   128  1.000 |  48  1.000 | 1,2,3,4,5,6,7,8,9,10,11,12,13,14,...
 32500  1.000  1.000   15  17.5 |  48  1.000 |   48  1.000 |  48   128  1.000 |  48  1.000 | 1,2,3,4,5,6,7,8,9,10,11,12,13,14,...
 32750  1.000  1.000   15  17.5 |  48  1.000 |   48  1.000 |  48   128  1.000 |  48  1.000 | 1,2,3,4,5,6,7,8,9,10,11,12,13,14,...
 33000  1.000  1.000   15  17.5 |  48  1.000 |   48  1.000 |  48   128  1.000 |  48  1.000 | 1,2,3,4,5,6,7,8,9,10,11,12,13,14,...
 33250  1.000  1.000   15  17.5 |  48  1.000 |   48  1.000 |  48   128  1.000 |  48  1.000 | 1,2,3,4,5,6,7,8,9,10,11,12,13,14,...
 33500  1.000  1.000   15  17.5 |  48  1.000 |   48  1.000 |  48   128  1.000 |  48  1.000 | 1,2,3,4,5,6,7,8,9,10,11,12,13,14,...
 33750  1.000  1.000   15  17.5 |  48  1.000 |   48  1.000 |  48   128  1.000 |  48  1.000 | 1,2,3,4,5,6,7,8,9,10,11,12,13,14,...
 34000  1.000  1.000   15  17.5 |  48  1.000 |   48  1.000 |  48   128  1.000 |  48  1.000 | 1,2,3,4,5,6,7,8,9,10,11,12,13,14,...
 34250  1.000  1.000   15  17.5 |  48  1.000 |   48  1.000 |  48   128  1.000 |  48  1.000 | 1,2,3,4,5,6,7,8,9,10,11,12,13,14,...
 34500  1.000  1.000   15  17.5 |  48  1.000 |   48  1.000 |  48   128  1.000 |  48  1.000 | 1,2,3,4,5,6,7,8,9,10,11,12,13,14,...
 34750  1.000  1.000   15  17.5 |  48  1.000 |   48  1.000 |  48   128  1.000 |  48  1.000 | 1,2,3,4,5,6,7,8,9,10,11,12,13,14,...
 35000  1.000  1.000   15  17.5 |  48  1.000 |   48  1.000 |  48   128  1.000 |  48  1.000 | 1,2,3,4,5,6,7,8,9,10,11,12,13,14,...
 35250  1.000  1.000   15  17.5 |  48  1.000 |   48  1.000 |  48   128  1.000 |  48  1.000 | 1,2,3,4,5,6,7,8,9,10,11,12,13,14,...
 35500  1.000  1.000   15  17.5 |  48  1.000 |   48  1.000 |  48   128  1.000 |  48  1.000 | 1,2,3,4,5,6,7,8,9,10,11,12,13,14,...
 35750  1.000  1.000   15  17.5 |  48  1.000 |   48  1.000 |  48   128  1.000 |  48  1.000 | 1,2,3,4,5,6,7,8,9,10,11,12,13,14,...
 36000  1.000  1.000   15  17.5 |  48  1.000 |   48  1.000 |  48   128  1.000 |  48  1.000 | 1,2,3,4,5,6,7,8,9,10,11,12,13,14,...
 36250  1.000  1.000   15  17.5 |  48  1.000 |   48  1.000 |  48   128  1.000 |  48  1.000 | 1,2,3,4,5,6,7,8,9,10,11,12,13,14,...
 36500  1.000  1.000   15  17.5 |  48  1.000 |   48  1.000 |  48   128  1.000 |  48  1.000 | 1,2,3,4,5,6,7,8,9,10,11,12,13,14,...
 36750  1.000  1.000   15  17.5 |  48  1.000 |   48  1.000 |  48   128  1.000 |  48  1.000 | 1,2,3,4,5,6,7,8,9,10,11,12,13,14,...
 37000  1.000  1.000   15  17.5 |  48  1.000 |   48  1.000 |  48   128  1.000 |  48  1.000 | 1,2,3,4,5,6,7,8,9,10,11,12,13,14,...
 37250  1.000  1.000   15  17.4 |  48  1.000 |   48  1.000 |  48   128  1.000 |  48  1.000 | 1,2,3,4,5,6,7,8,9,10,11,12,13,14,...
 37500  1.000  1.000   15  17.4 |  48  1.000 |   48  1.000 |  48   128  1.000 |  48  1.000 | 1,2,3,4,5,6,7,8,9,10,11,12,13,14,...
 37750  1.000  1.000   15  17.4 |  48  1.000 |   48  1.000 |  48   128  1.000 |  48  1.000 | 1,2,3,4,5,6,7,8,9,10,11,12,13,14,...
 38000  1.000  1.000   15  17.4 |  48  1.000 |   48  1.000 |  48   128  1.000 |  48  1.000 | 1,2,3,4,5,6,7,8,9,10,11,12,13,14,...
 38250  1.000  1.000   15  17.4 |  48  1.000 |   48  1.000 |  48   128  1.000 |  48  1.000 | 1,2,3,4,5,6,7,8,9,10,11,12,13,14,...
 38500  1.000  1.000   15  17.4 |  48  1.000 |   48  1.000 |  48   128  1.000 |  48  1.000 | 1,2,3,4,5,6,7,8,9,10,11,12,13,14,...
 38750  1.000  1.000   15  17.4 |  48  1.000 |   48  1.000 |  48   128  1.000 |  48  1.000 | 1,2,3,4,5,6,7,8,9,10,11,12,13,14,...
 39000  1.000  1.000   15  17.4 |  48  1.000 |   48  1.000 |  48   128  1.000 |  48  1.000 | 1,2,3,4,5,6,7,8,9,10,11,12,13,14,...
 39250  1.000  1.000   15  17.4 |  48  1.000 |   48  1.000 |  48   128  1.000 |  48  1.000 | 1,2,3,4,5,6,7,8,9,10,11,12,13,14,...
 39500  1.000  1.000   15  17.4 |  48  1.000 |   48  1.000 |  48   128  1.000 |  48  1.000 | 1,2,3,4,5,6,7,8,9,10,11,12,13,14,...
 39750  1.000  1.000   15  17.4 |  48  1.000 |   48  1.000 |  48   128  1.000 |  48  1.000 | 1,2,3,4,5,6,7,8,9,10,11,12,13,14,...
 39999  1.000  1.000   15  17.4 |  48  1.000 |   48  1.000 |  48   128  1.000 |  48  1.000 | 1,2,3,4,5,6,7,8,9,10,11,12,13,14,...

## Per-snapshot table, rule lt1  (true-label run)
 epoch net_tr net_te  n90    PR |  kA  heldA | kALS   hALS |  kB units  heldB |  kC  heldC | K_B
    -1  0.010  0.011   43  47.9 |   0  0.010 |    2  0.000 |   2     6  0.010 |   0  0.010 | 3,48
     0  0.010  0.010   43  47.9 |   0  0.010 |    3  0.000 |   2     5  0.010 |   0  0.010 | 3,38
   250  0.983  0.000   43  47.4 |   1  1.000 |    1  1.000 |  35    97  0.002 |  44  0.000 | 2,3,4,5,6,7,10,13,14,15,16,17,18,19,...
   500  1.000  0.000   43  47.2 |   1  1.000 |    1  1.000 |  36   109  0.001 |  47  0.000 | 3,4,5,6,9,10,11,12,13,14,15,17,18,19,...
   750  1.000  0.000   43  46.9 |   1  1.000 |    1  1.000 |  40   117  0.001 |  47  0.000 | 3,4,5,6,8,9,10,11,12,13,14,16,17,18,...
  1000  1.000  0.000   43  46.6 |   1  1.000 |    1  1.000 |  41   122  0.001 |  45  0.000 | 3,4,5,6,7,8,9,10,11,12,13,14,15,17,...
  1250  1.000  0.000   42  46.1 |   1  1.000 |    1  1.000 |  40   123  0.001 |  47  0.000 | 3,4,5,6,7,8,9,10,11,12,13,14,16,17,...
  1500  1.000  0.000   42  45.4 |   1  1.000 |    1  1.000 |  39   116  0.001 |  46  0.001 | 3,4,5,6,7,8,10,11,12,13,14,17,19,20,...
  1750  1.000  0.001   42  44.6 |   1  1.000 |    1  1.000 |  43   126  0.001 |  45  0.002 | 3,4,5,6,7,8,10,11,12,14,16,17,18,19,...
  2000  1.000  0.001   42  43.7 |   1  1.000 |    1  1.000 |  43   128  0.001 |  46  0.001 | 3,5,6,7,8,10,11,12,13,14,16,17,18,19,...
  2250  1.000  0.002   42  42.7 |   1  1.000 |    1  1.000 |  43   128  0.002 |  46  0.002 | 3,5,6,7,8,10,11,12,13,14,16,17,18,19,...
  2500  1.000  0.002   42  41.6 |   1  1.000 |    1  1.000 |  42   128  0.002 |  46  0.003 | 3,5,6,7,8,10,11,12,13,14,16,17,18,19,...
  2750  1.000  0.002   42  40.5 |   1  1.000 |    1  1.000 |  43   128  0.002 |  46  0.005 | 3,5,6,7,8,10,11,12,13,14,15,16,17,18,...
  3000  1.000  0.003   42  39.6 |   1  1.000 |    1  1.000 |  37   111  0.007 |  45  0.005 | 3,5,6,8,10,11,12,13,14,15,16,17,19,20,...
  3250  1.000  0.004   42  38.8 |   1  1.000 |    1  1.000 |  42   123  0.005 |  46  0.005 | 3,5,6,7,8,10,11,12,13,14,15,16,17,18,...
  3500  1.000  0.004   42  38.0 |   1  1.000 |    1  1.000 |  40   124  0.005 |  46  0.006 | 3,4,5,6,7,8,10,11,12,13,15,16,17,18,...
  3750  1.000  0.006   41  37.4 |   1  1.000 |    1  1.000 |  41   124  0.007 |  45  0.009 | 3,4,5,6,7,8,10,11,12,13,14,15,16,17,...
  4000  1.000  0.007   41  36.8 |   1  1.000 |    1  1.000 |  39   123  0.008 |  46  0.009 | 4,5,6,7,8,10,11,12,13,16,17,18,19,20,...
  4250  1.000  0.010   41  36.2 |   1  1.000 |    1  1.000 |  41   125  0.010 |  45  0.014 | 3,4,5,6,7,8,10,11,12,13,14,15,16,17,...
  4500  1.000  0.013   41  35.9 |   1  1.000 |    1  1.000 |  38   121  0.014 |  44  0.017 | 3,5,6,7,8,10,11,12,13,14,15,16,17,18,...
  4750  1.000  0.016   41  35.5 |   1  1.000 |    1  1.000 |  37   117  0.019 |  45  0.018 | 3,4,5,6,7,8,10,11,12,13,15,16,17,18,...
  5000  1.000  0.019   41  35.2 |   1  1.000 |    1  1.000 |  40   122  0.022 |  44  0.024 | 3,4,6,7,8,10,11,12,13,16,17,18,19,20,...
  5250  1.000  0.021   41  34.9 |   1  1.000 |    1  1.000 |  40   122  0.025 |  43  0.030 | 3,4,6,7,8,10,11,12,13,16,17,18,19,20,...
  5500  1.000  0.027   41  34.6 |   1  1.000 |    1  1.000 |  37   119  0.029 |  43  0.034 | 3,6,7,8,10,11,12,13,14,16,17,18,19,20,...
  5750  1.000  0.032   40  34.3 |   1  1.000 |    1  1.000 |  37   119  0.033 |  43  0.042 | 3,4,6,7,8,10,11,12,13,14,16,17,18,19,...
  6000  1.000  0.038   40  34.0 |   1  1.000 |    1  1.000 |  34   119  0.040 |  42  0.048 | 4,6,7,8,10,11,12,13,14,16,17,18,19,20,...
  6250  1.000  0.043   40  33.7 |   1  1.000 |    1  1.000 |  34   119  0.049 |  43  0.054 | 4,5,6,7,8,10,11,12,13,14,16,17,18,19,...
  6500  1.000  0.051   40  33.5 |   1  1.000 |    1  1.000 |  35   121  0.054 |  42  0.067 | 4,6,7,8,10,11,12,13,16,17,18,19,20,21,...
  6750  1.000  0.060   40  33.2 |   1  1.000 |    1  1.000 |  36   123  0.062 |  42  0.074 | 4,5,6,7,8,10,11,12,13,14,16,17,18,19,...
  7000  1.000  0.067   40  33.0 |   1  1.000 |    1  1.000 |  35   120  0.075 |  42  0.083 | 4,5,6,7,8,9,10,11,12,13,14,18,19,20,...
  7250  1.000  0.077   40  32.7 |   1  1.000 |    1  1.000 |  36   123  0.080 |  41  0.102 | 5,6,7,8,10,11,12,13,14,16,17,18,19,20,...
  7500  1.000  0.089   39  32.4 |   1  1.000 |    1  1.000 |  32   117  0.099 |  41  0.115 | 6,7,8,10,11,12,13,14,17,18,19,20,21,22,...
  7750  1.000  0.103   39  32.1 |   1  1.000 |    1  1.000 |  31   117  0.113 |  41  0.127 | 4,7,8,10,11,12,13,14,17,18,19,20,21,22,...
  8000  1.000  0.122   39  31.8 |   1  1.000 |    1  1.000 |  32   118  0.128 |  41  0.142 | 4,7,8,9,10,11,12,13,14,17,18,19,20,21,...
  8250  1.000  0.138   39  31.5 |   1  1.000 |    1  1.000 |  28   114  0.148 |  41  0.159 | 7,8,10,11,12,13,14,18,19,20,22,23,24,26,...
  8500  1.000  0.157   39  31.2 |   1  1.000 |    1  1.000 |  32   118  0.149 |  40  0.192 | 6,7,8,10,11,12,13,14,16,17,18,19,20,22,...
  8750  1.000  0.183   38  30.9 |   1  1.000 |    1  1.000 |  28   118  0.174 |  38  0.234 | 7,8,10,11,12,13,14,16,18,19,20,22,23,24,...
  9000  1.000  0.211   38  30.5 |   1  1.000 |    1  1.000 |  27   117  0.211 |  39  0.255 | 7,10,11,12,13,16,17,18,19,20,22,23,24,25,...
  9250  1.000  0.242   38  30.2 |   1  1.000 |    1  1.000 |  28   118  0.242 |  38  0.295 | 7,10,11,12,13,14,16,18,19,20,22,23,24,25,...
  9500  1.000  0.274   38  29.8 |   1  1.000 |    1  1.000 |  26   118  0.267 |  38  0.328 | 7,8,10,11,12,13,16,18,19,20,22,23,24,25,...
  9750  1.000  0.314   38  29.5 |   1  1.000 |    1  1.000 |  26   116  0.302 |  37  0.382 | 7,10,11,12,13,16,18,19,20,22,23,24,25,26,...
 10000  1.000  0.352   37  29.1 |   1  1.000 |    1  1.000 |  24   113  0.358 |  36  0.424 | 10,11,12,13,16,18,19,20,21,22,23,24,25,26,...
 10250  1.000  0.396   37  28.7 |   1  1.000 |    1  1.000 |  22   112  0.386 |  34  0.482 | 8,10,11,12,13,16,18,19,20,22,24,25,26,30,...
 10500  1.000  0.450   37  28.3 |   1  1.000 |    1  1.000 |  21   111  0.447 |  33  0.551 | 10,11,12,13,16,18,19,20,22,24,26,30,33,36,...
 10750  1.000  0.504   36  27.8 |   1  1.000 |    1  1.000 |  21   114  0.488 |  34  0.595 | 10,11,12,13,16,18,19,20,22,24,25,30,33,36,...
 11000  1.000  0.564   36  27.3 |   1  1.000 |    1  1.000 |  21   113  0.533 |  28  0.689 | 7,10,11,12,13,16,18,19,20,22,24,30,33,36,...
 11250  1.000  0.630   36  26.6 |   1  1.000 |    1  1.000 |  20   109  0.599 |  29  0.739 | 10,11,12,13,16,18,19,20,22,24,26,30,33,36,...
 11500  1.000  0.693   35  26.0 |   1  1.000 |    1  1.000 |  20   113  0.666 |  24  0.813 | 10,11,12,13,16,18,19,20,22,24,30,33,36,37,...
 11750  1.000  0.752   35  25.4 |   1  1.000 |    1  1.000 |  19   108  0.701 |  25  0.849 | 10,11,12,13,16,18,19,20,22,24,30,33,36,38,...
 12000  1.000  0.800   34  24.7 |   1  1.000 |    1  1.000 |  18   106  0.761 |  23  0.884 | 10,11,12,13,18,19,20,22,24,30,33,36,38,39,...
 12250  1.000  0.841   34  24.1 |   1  1.000 |    1  1.000 |  16   101  0.822 |  23  0.909 | 10,11,12,13,18,22,24,30,33,36,38,39,44,45,...
 12500  1.000  0.874   33  23.6 |   1  1.000 |    1  1.000 |  16   102  0.857 |  22  0.927 | 10,11,12,13,18,22,24,30,33,36,38,39,44,45,...
 12750  1.000  0.897   32  23.1 |   1  1.000 |    1  1.000 |  16   102  0.885 |  22  0.937 | 10,11,12,13,18,22,24,30,33,36,38,39,44,45,...
 13000  1.000  0.914   32  22.6 |   1  1.000 |    1  1.000 |  15    98  0.887 |  21  0.955 | 10,11,12,13,18,22,24,30,33,36,38,44,45,46,...
 13250  1.000  0.932   31  22.3 |   1  1.000 |    1  1.000 |  16   103  0.919 |  17  0.963 | 10,11,12,13,18,22,24,30,33,36,38,39,44,45,...
 13500  1.000  0.944   30  21.9 |   1  1.000 |    1  1.000 |  16   103  0.934 |  17  0.967 | 10,11,12,13,18,22,24,30,33,36,38,39,44,45,...
 13750  1.000  0.954   30  21.6 |   1  1.000 |    1  1.000 |  16   104  0.949 |  17  0.968 | 10,11,12,13,18,22,24,30,33,36,38,39,44,45,...
 14000  1.000  0.961   29  21.4 |   1  1.000 |    1  1.000 |  15    97  0.931 |  17  0.981 | 10,11,12,13,18,20,24,30,33,36,38,44,45,46,...
 14250  1.000  0.966   28  21.2 |   1  1.000 |    1  1.000 |  15    98  0.937 |  17  0.983 | 10,11,12,13,18,20,24,30,33,36,38,44,45,46,...
 14500  1.000  0.971   27  21.0 |   1  1.000 |    1  1.000 |  14    95  0.945 |  18  0.986 | 10,11,12,13,18,24,30,33,36,38,44,45,46,47
 14750  1.000  0.975   27  20.8 |   1  1.000 |    1  1.000 |  15   102  0.962 |  16  0.982 | 10,11,12,13,18,22,24,30,33,36,38,44,45,46,...
 15000  1.000  0.978   26  20.7 |   1  1.000 |    1  1.000 |  15   103  0.968 |  16  0.984 | 10,11,12,13,18,24,30,33,36,38,39,44,45,46,...
 15250  1.000  0.982   26  20.6 |   1  1.000 |    1  1.000 |  15   102  0.966 |  16  0.985 | 10,11,12,13,18,24,30,33,36,38,39,44,45,46,...
 15500  1.000  0.985   25  20.6 |   1  1.000 |    1  1.000 |  15   105  0.966 |  15  0.983 | 10,11,12,13,18,24,30,33,36,38,39,44,45,46,...
 15750  1.000  0.986   24  20.5 |   1  1.000 |    1  1.000 |  15   106  0.968 |  15  0.984 | 10,11,12,13,18,24,30,33,36,38,39,44,45,46,...
 16000  1.000  0.990   24  20.4 |   1  1.000 |    1  1.000 |  15   102  0.980 |  15  0.983 | 10,11,12,13,18,22,24,30,33,36,38,44,45,46,...
 16250  1.000  0.992   23  20.4 |   1  1.000 |    1  1.000 |  15   102  0.980 |  16  0.990 | 10,11,12,13,18,22,24,30,33,36,38,44,45,46,...
 16500  1.000  0.994   22  20.3 |   1  1.000 |    1  1.000 |  15   106  0.979 |  16  0.998 | 10,11,13,18,22,24,30,33,36,38,39,44,45,46,...
 16750  1.000  0.995   21  20.1 |   1  1.000 |    1  1.000 |  15   107  0.981 |  16  0.998 | 10,11,13,18,22,24,30,33,36,38,39,44,45,46,...
 17000  1.000  0.997   20  20.0 |   1  1.000 |    1  1.000 |  15   106  0.977 |  16  0.999 | 10,11,13,18,22,24,30,33,36,38,39,44,45,46,...
 17250  1.000  0.998   19  19.8 |   1  1.000 |    1  1.000 |  15   106  0.977 |  16  0.999 | 10,11,13,18,22,24,30,33,36,38,39,44,45,46,...
 17500  1.000  0.998   18  19.7 |   1  1.000 |    1  1.000 |  15   107  0.981 |  16  1.000 | 10,11,13,18,22,24,30,33,36,38,39,44,45,46,...
 17750  1.000  0.999   18  19.5 |   1  1.000 |    1  1.000 |  14   104  0.982 |  16  1.000 | 10,11,13,18,24,30,33,36,38,39,44,45,46,47
 18000  1.000  0.999   17  19.4 |   1  1.000 |    1  1.000 |  14   105  0.983 |  16  1.000 | 10,11,13,18,24,30,33,36,38,39,44,45,46,47
 18250  1.000  1.000   17  19.3 |   1  1.000 |    1  1.000 |  14   105  0.984 |  16  1.000 | 10,11,13,18,24,30,33,36,38,39,44,45,46,47
 18500  1.000  1.000   16  19.2 |   1  1.000 |    1  1.000 |  14   105  0.989 |  16  1.000 | 10,11,13,18,22,24,30,33,36,38,39,44,45,46
 18750  1.000  1.000   16  19.0 |   1  1.000 |    1  1.000 |  14   105  0.990 |  16  1.000 | 10,11,13,18,22,24,30,33,36,38,39,44,45,46
 19000  1.000  1.000   16  18.9 |   1  1.000 |    1  1.000 |  14   106  0.991 |  16  1.000 | 10,11,13,18,22,24,30,33,36,38,39,44,45,46
 19250  1.000  1.000   16  18.9 |   1  1.000 |    1  1.000 |  14   106  0.991 |  15  0.998 | 10,11,13,18,22,24,30,33,36,38,39,44,45,46
 19500  1.000  1.000   16  18.8 |   1  1.000 |    1  1.000 |  14   107  0.992 |  15  1.000 | 10,11,13,18,22,24,30,33,36,38,39,44,45,46
 19750  1.000  1.000   16  18.7 |   1  1.000 |    1  1.000 |  14   107  0.993 |  15  0.998 | 10,11,13,18,22,24,30,33,36,38,39,44,45,46
 20000  1.000  1.000   16  18.7 |   1  1.000 |    1  1.000 |  14   107  0.994 |  14  0.997 | 10,11,13,18,22,24,30,33,36,38,39,44,45,46
 20250  1.000  1.000   16  18.6 |   1  1.000 |    1  1.000 |  14   108  0.996 |  14  0.997 | 10,11,13,18,22,24,30,33,36,38,39,44,45,46
 20500  1.000  1.000   16  18.6 |   1  1.000 |    1  1.000 |  14   109  0.997 |  14  0.997 | 10,11,13,18,22,24,30,33,36,38,39,44,45,46
 20750  1.000  1.000   16  18.5 |   1  1.000 |    1  1.000 |  14   109  0.998 |  14  0.998 | 10,11,13,18,22,24,30,33,36,38,39,44,45,46
 21000  1.000  1.000   16  18.5 |   1  1.000 |    1  1.000 |  14   110  0.997 |  14  0.998 | 10,11,13,18,22,24,30,33,36,38,39,44,45,46
 21250  1.000  1.000   16  18.4 |   1  1.000 |    1  1.000 |  14   110  0.998 |  14  0.998 | 10,11,13,18,22,24,30,33,36,38,39,44,45,46
 21500  1.000  1.000   16  18.4 |   1  1.000 |    1  1.000 |  13   103  0.992 |  14  0.999 | 10,11,13,18,24,30,33,36,38,39,44,45,46
 21750  1.000  1.000   16  18.3 |   1  1.000 |    1  1.000 |  14   109  0.998 |  14  0.999 | 10,11,13,18,22,24,30,33,36,38,39,44,45,46
 22000  1.000  1.000   16  18.3 |   1  1.000 |    1  1.000 |  13   101  0.995 |  15  1.000 | 10,11,13,18,24,30,33,36,38,39,44,45,46
 22250  1.000  1.000   16  18.2 |   1  1.000 |    1  1.000 |  13   100  0.996 |  14  0.998 | 10,11,13,18,24,30,33,36,38,39,44,45,46
 22500  1.000  1.000   16  18.1 |   1  1.000 |    1  1.000 |  13   100  0.997 |  14  0.998 | 10,11,13,18,24,30,33,36,38,39,44,45,46
 22750  1.000  1.000   16  18.1 |   1  1.000 |    1  1.000 |  13   100  0.998 |  14  0.999 | 10,11,13,18,24,30,33,36,38,39,44,45,46
 23000  1.000  1.000   16  18.1 |   1  1.000 |    1  1.000 |  14   105  1.000 |  14  0.999 | 10,11,13,18,24,30,33,36,38,39,44,45,46,47
 23250  1.000  1.000   16  18.0 |   1  1.000 |    1  1.000 |  13    98  0.997 |  14  0.999 | 10,11,18,24,30,33,36,38,39,44,45,46,47
 23500  1.000  1.000   15  18.0 |   1  1.000 |    1  1.000 |  13    98  0.997 |  14  0.999 | 10,11,18,24,30,33,36,38,39,44,45,46,47
 23750  1.000  1.000   15  17.9 |   1  1.000 |    1  1.000 |  13    98  0.998 |  14  0.999 | 10,11,18,24,30,33,36,38,39,44,45,46,47
 24000  1.000  1.000   15  17.9 |   1  1.000 |    1  1.000 |  13    98  0.998 |  14  0.999 | 10,11,18,24,30,33,36,38,39,44,45,46,47
 24250  1.000  1.000   15  17.9 |   1  1.000 |    1  1.000 |  12    92  0.991 |  14  0.999 | 10,11,18,30,33,36,38,39,44,45,46,47
 24500  1.000  1.000   15  17.8 |   1  1.000 |    1  1.000 |  12    92  0.992 |  13  0.996 | 10,11,18,30,33,36,38,39,44,45,46,47
 24750  1.000  1.000   15  17.8 |   1  1.000 |    1  1.000 |  12    92  0.992 |  13  0.996 | 10,11,18,30,33,36,38,39,44,45,46,47
 25000  1.000  1.000   15  17.8 |   1  1.000 |    1  1.000 |  12    92  0.993 |  13  0.997 | 10,11,18,30,33,36,38,39,44,45,46,47
 25250  1.000  1.000   15  17.8 |   1  1.000 |    1  1.000 |  12    91  0.990 |  14  1.000 | 10,11,18,30,33,36,38,39,44,45,46,47
 25500  1.000  1.000   15  17.7 |   1  1.000 |    1  1.000 |  12    91  0.990 |  14  1.000 | 10,11,18,30,33,36,38,39,44,45,46,47
 25750  1.000  1.000   15  17.7 |   1  1.000 |    1  1.000 |  12    91  0.990 |  14  1.000 | 10,11,18,30,33,36,38,39,44,45,46,47
 26000  1.000  1.000   15  17.7 |   1  1.000 |    1  1.000 |  12    91  0.991 |  14  1.000 | 10,11,18,30,33,36,38,39,44,45,46,47
 26250  1.000  1.000   15  17.7 |   1  1.000 |    1  1.000 |  12    91  0.991 |  14  1.000 | 10,11,18,30,33,36,38,39,44,45,46,47
 26500  1.000  1.000   15  17.7 |   1  1.000 |    1  1.000 |  12    91  0.990 |  14  1.000 | 10,11,18,30,33,36,38,39,44,45,46,47
 26750  1.000  1.000   15  17.6 |   1  1.000 |    1  1.000 |  13    97  0.999 |  14  1.000 | 10,11,18,24,30,33,36,38,39,44,45,46,47
 27000  1.000  1.000   15  17.6 |   1  1.000 |    1  1.000 |  13    97  0.999 |  13  0.997 | 10,11,18,24,30,33,36,38,39,44,45,46,47
 27250  1.000  1.000   15  17.6 |   1  1.000 |    1  1.000 |  13    97  0.999 |  13  0.997 | 10,11,18,24,30,33,36,38,39,44,45,46,47
 27500  1.000  1.000   15  17.6 |   1  1.000 |    1  1.000 |  13    98  1.000 |  13  0.998 | 10,11,18,24,30,33,36,38,39,44,45,46,47
 27750  1.000  1.000   15  17.6 |   1  1.000 |    1  1.000 |  13    98  1.000 |  13  0.998 | 10,11,18,24,30,33,36,38,39,44,45,46,47
 28000  1.000  1.000   15  17.6 |   1  1.000 |    1  1.000 |  13    98  1.000 |  13  0.998 | 10,11,18,24,30,33,36,38,39,44,45,46,47
 28250  1.000  1.000   15  17.6 |   1  1.000 |    1  1.000 |  13    98  0.999 |  13  0.998 | 10,11,18,24,30,33,36,38,39,44,45,46,47
 28500  1.000  1.000   15  17.6 |   1  1.000 |    1  1.000 |  13    98  0.999 |  13  0.998 | 10,11,18,24,30,33,36,38,39,44,45,46,47
 28750  1.000  1.000   15  17.5 |   1  1.000 |    1  1.000 |  13    98  0.999 |  13  0.998 | 10,11,18,24,30,33,36,38,39,44,45,46,47
 29000  1.000  1.000   15  17.5 |   1  1.000 |    1  1.000 |  13    98  0.999 |  13  0.998 | 10,11,18,24,30,33,36,38,39,44,45,46,47
 29250  1.000  1.000   15  17.5 |   1  1.000 |    1  1.000 |  13    99  1.000 |  13  0.998 | 10,11,18,24,30,33,36,38,39,44,45,46,47
 29500  1.000  1.000   15  17.5 |   1  1.000 |    1  1.000 |  13   100  1.000 |  13  0.998 | 10,11,18,24,30,33,36,38,39,44,45,46,47
 29750  1.000  1.000   15  17.5 |   1  1.000 |    1  1.000 |  13   100  1.000 |  13  0.998 | 10,11,18,24,30,33,36,38,39,44,45,46,47
 30000  1.000  1.000   15  17.5 |   1  1.000 |    1  1.000 |  13   100  1.000 |  13  0.998 | 10,11,18,24,30,33,36,38,39,44,45,46,47
 30250  1.000  1.000   15  17.5 |   1  1.000 |    1  1.000 |  13   100  1.000 |  13  0.998 | 10,11,18,24,30,33,36,38,39,44,45,46,47
 30500  1.000  1.000   15  17.5 |   1  1.000 |    1  1.000 |  13   100  1.000 |  13  0.998 | 10,11,18,24,30,33,36,38,39,44,45,46,47
 30750  1.000  1.000   15  17.5 |   1  1.000 |    1  1.000 |  13   100  1.000 |  13  0.998 | 10,11,18,24,30,33,36,38,39,44,45,46,47
 31000  1.000  1.000   15  17.5 |   1  1.000 |    1  1.000 |  13   100  1.000 |  13  0.998 | 10,11,18,24,30,33,36,38,39,44,45,46,47
 31250  1.000  1.000   15  17.5 |   1  1.000 |    1  1.000 |  12    95  0.995 |  13  0.998 | 10,11,18,30,33,36,38,39,44,45,46,47
 31500  1.000  1.000   15  17.5 |   1  1.000 |    1  1.000 |  12    96  0.995 |  13  0.998 | 10,11,18,30,33,36,38,39,44,45,46,47
 31750  1.000  1.000   15  17.5 |   1  1.000 |    1  1.000 |  12    96  0.995 |  13  0.998 | 10,11,18,30,33,36,38,39,44,45,46,47
 32000  1.000  1.000   15  17.5 |   1  1.000 |    1  1.000 |  12    96  0.995 |  13  0.998 | 10,11,18,30,33,36,38,39,44,45,46,47
 32250  1.000  1.000   15  17.5 |   1  1.000 |    1  1.000 |  12    96  0.995 |  13  0.998 | 10,11,18,30,33,36,38,39,44,45,46,47
 32500  1.000  1.000   15  17.5 |   1  1.000 |    1  1.000 |  12    96  0.995 |  13  0.999 | 10,11,18,30,33,36,38,39,44,45,46,47
 32750  1.000  1.000   15  17.5 |   1  1.000 |    1  1.000 |  12    96  0.995 |  13  0.999 | 10,11,18,30,33,36,38,39,44,45,46,47
 33000  1.000  1.000   15  17.5 |   1  1.000 |    1  1.000 |  12    96  0.995 |  13  0.999 | 10,11,18,30,33,36,38,39,44,45,46,47
 33250  1.000  1.000   15  17.5 |   1  1.000 |    1  1.000 |  12    96  0.995 |  13  0.999 | 10,11,18,30,33,36,38,39,44,45,46,47
 33500  1.000  1.000   15  17.5 |   1  1.000 |    1  1.000 |  12    96  0.995 |  13  0.999 | 10,11,18,30,33,36,38,39,44,45,46,47
 33750  1.000  1.000   15  17.5 |   1  1.000 |    1  1.000 |  12    96  0.995 |  13  0.999 | 10,11,18,30,33,36,38,39,44,45,46,47
 34000  1.000  1.000   15  17.5 |   1  1.000 |    1  1.000 |  12    96  0.995 |  13  0.999 | 10,11,18,30,33,36,38,39,44,45,46,47
 34250  1.000  1.000   15  17.5 |   1  1.000 |    1  1.000 |  12    96  0.995 |  13  0.999 | 10,11,18,30,33,36,38,39,44,45,46,47
 34500  1.000  1.000   15  17.5 |   1  1.000 |    1  1.000 |  12    96  0.995 |  13  0.999 | 10,11,18,30,33,36,38,39,44,45,46,47
 34750  1.000  1.000   15  17.5 |   1  1.000 |    1  1.000 |  12    96  0.995 |  13  0.999 | 10,11,18,30,33,36,38,39,44,45,46,47
 35000  1.000  1.000   15  17.5 |   1  1.000 |    1  1.000 |  12    95  0.993 |  13  0.999 | 10,11,18,30,33,36,38,39,44,45,46,47
 35250  1.000  1.000   15  17.5 |   1  1.000 |    1  1.000 |  12    95  0.993 |  13  0.999 | 10,11,18,30,33,36,38,39,44,45,46,47
 35500  1.000  1.000   15  17.5 |   1  1.000 |    1  1.000 |  12    96  0.995 |  13  0.999 | 10,11,18,30,33,36,38,39,44,45,46,47
 35750  1.000  1.000   15  17.5 |   1  1.000 |    1  1.000 |  12    96  0.995 |  13  0.999 | 10,11,18,30,33,36,38,39,44,45,46,47
 36000  1.000  1.000   15  17.5 |   1  1.000 |    1  1.000 |  12    96  0.995 |  13  0.999 | 10,11,18,30,33,36,38,39,44,45,46,47
 36250  1.000  1.000   15  17.5 |   1  1.000 |    1  1.000 |  12    96  0.995 |  13  0.999 | 10,11,18,30,33,36,38,39,44,45,46,47
 36500  1.000  1.000   15  17.5 |   1  1.000 |    1  1.000 |  12    97  0.995 |  13  0.999 | 10,11,18,30,33,36,38,39,44,45,46,47
 36750  1.000  1.000   15  17.5 |   1  1.000 |    1  1.000 |  12    97  0.996 |  13  0.999 | 10,11,18,30,33,36,38,39,44,45,46,47
 37000  1.000  1.000   15  17.5 |   1  1.000 |    1  1.000 |  12    97  0.995 |  13  0.999 | 10,11,18,30,33,36,38,39,44,45,46,47
 37250  1.000  1.000   15  17.4 |   1  1.000 |    1  1.000 |  13   102  0.998 |  13  0.999 | 10,11,18,24,30,33,36,38,39,44,45,46,47
 37500  1.000  1.000   15  17.4 |   1  1.000 |    1  1.000 |  13   102  0.998 |  13  0.999 | 10,11,18,24,30,33,36,38,39,44,45,46,47
 37750  1.000  1.000   15  17.4 |   1  1.000 |    1  1.000 |  13   102  0.998 |  13  0.999 | 10,11,18,24,30,33,36,38,39,44,45,46,47
 38000  1.000  1.000   15  17.4 |   1  1.000 |    1  1.000 |  13   102  0.998 |  13  0.999 | 10,11,18,24,30,33,36,38,39,44,45,46,47
 38250  1.000  1.000   15  17.4 |   1  1.000 |    1  1.000 |  13   102  0.998 |  13  0.999 | 10,11,18,24,30,33,36,38,39,44,45,46,47
 38500  1.000  1.000   15  17.4 |   1  1.000 |    1  1.000 |  13   102  0.998 |  13  0.999 | 10,11,18,24,30,33,36,38,39,44,45,46,47
 38750  1.000  1.000   15  17.4 |   1  1.000 |    1  1.000 |  13   102  0.998 |  13  0.999 | 10,11,18,24,30,33,36,38,39,44,45,46,47
 39000  1.000  1.000   15  17.4 |   1  1.000 |    1  1.000 |  13   102  0.998 |  13  0.999 | 10,11,18,24,30,33,36,38,39,44,45,46,47
 39250  1.000  1.000   15  17.4 |   1  1.000 |    1  1.000 |  13   102  0.998 |  13  0.999 | 10,11,18,24,30,33,36,38,39,44,45,46,47
 39500  1.000  1.000   15  17.4 |   1  1.000 |    1  1.000 |  13   102  0.998 |  13  0.999 | 10,11,18,24,30,33,36,38,39,44,45,46,47
 39750  1.000  1.000   15  17.4 |   1  1.000 |    1  1.000 |  13   102  0.998 |  13  0.999 | 10,11,18,24,30,33,36,38,39,44,45,46,47
 39999  1.000  1.000   15  17.4 |   1  1.000 |    1  1.000 |  13   101  0.997 |  13  0.999 | 10,11,18,24,30,33,36,38,39,44,45,46,47

## Per-snapshot table, rule m3  (true-label run)
 epoch net_tr net_te  n90    PR |  kA  heldA | kALS   hALS |  kB units  heldB |  kC  heldC | K_B
    -1  0.010  0.011   43  47.9 |   0  0.010 |    0  0.010 |   0     0  0.010 |   0  0.010 | 
     0  0.010  0.010   43  47.9 |   0  0.010 |    0  0.010 |   0     0  0.010 |   0  0.010 | 
   250  0.983  0.000   43  47.4 |   1  1.000 |    1  1.000 |  25    80  0.002 |   7  0.017 | 5,6,7,10,13,14,15,17,18,19,21,24,25,27,...
   500  1.000  0.000   43  47.2 |   1  1.000 |    1  1.000 |  23    78  0.002 |  15  0.014 | 2,4,7,10,13,14,18,19,25,30,31,32,33,34,...
   750  1.000  0.000   43  46.9 |   1  1.000 |    1  1.000 |  25    86  0.003 |  15  0.013 | 4,5,6,9,10,13,14,18,19,22,23,25,29,30,...
  1000  1.000  0.000   43  46.6 |   1  1.000 |    1  1.000 |  27    93  0.002 |  10  0.022 | 4,5,7,8,10,11,13,14,18,19,21,23,24,25,...
  1250  1.000  0.000   42  46.1 |   1  1.000 |    1  1.000 |  28    91  0.003 |  39  0.003 | 5,6,7,8,9,10,11,12,13,17,19,21,23,24,...
  1500  1.000  0.000   42  45.4 |   1  1.000 |    1  1.000 |  22    74  0.005 |  15  0.024 | 7,8,10,11,12,21,24,25,28,30,33,35,36,37,...
  1750  1.000  0.001   42  44.6 |   1  1.000 |    1  1.000 |  42   125  0.001 |  10  0.033 | 3,4,5,6,7,8,10,11,12,14,16,17,18,19,...
  2000  1.000  0.001   42  43.7 |   1  1.000 |    1  1.000 |  41   125  0.001 |  28  0.010 | 3,5,6,7,8,10,11,12,14,16,17,18,19,20,...
  2250  1.000  0.002   42  42.7 |   1  1.000 |    1  1.000 |  34   108  0.004 |  41  0.004 | 3,6,10,11,12,14,16,17,19,20,21,22,23,24,...
  2500  1.000  0.002   42  41.6 |   1  1.000 |    1  1.000 |  35   113  0.004 |  45  0.002 | 3,5,6,10,11,12,13,16,17,19,20,21,22,23,...
  2750  1.000  0.002   42  40.5 |   1  1.000 |    1  1.000 |  38   116  0.004 |  11  0.055 | 3,5,6,8,10,11,12,13,15,16,17,18,19,20,...
  3000  1.000  0.003   42  39.6 |   1  1.000 |    1  1.000 |  35   112  0.004 |  44  0.007 | 5,7,8,10,11,12,13,15,17,19,20,21,22,23,...
  3250  1.000  0.004   42  38.8 |   1  1.000 |    1  1.000 |  35   112  0.007 |  44  0.007 | 3,5,7,8,10,11,12,13,14,15,16,17,19,20,...
  3500  1.000  0.004   42  38.0 |   1  1.000 |    1  1.000 |  36   115  0.007 |  43  0.007 | 3,4,5,6,7,8,10,11,12,13,15,16,17,19,...
  3750  1.000  0.006   41  37.4 |   1  1.000 |    1  1.000 |  37   120  0.008 |  44  0.008 | 3,4,5,6,7,8,10,11,12,13,14,16,17,19,...
  4000  1.000  0.007   41  36.8 |   1  1.000 |    1  1.000 |  34   113  0.013 |  43  0.012 | 3,5,6,7,8,10,11,12,13,16,17,18,19,20,...
  4250  1.000  0.010   41  36.2 |   1  1.000 |    1  1.000 |  35   117  0.013 |  42  0.014 | 5,6,7,8,10,11,12,13,14,16,17,18,19,20,...
  4500  1.000  0.013   41  35.9 |   1  1.000 |    1  1.000 |  33   107  0.017 |  42  0.017 | 3,5,6,7,8,10,11,12,13,15,16,17,19,21,...
  4750  1.000  0.016   41  35.5 |   1  1.000 |    1  1.000 |  32   105  0.020 |  42  0.023 | 3,6,7,8,10,11,12,13,15,16,17,19,21,22,...
  5000  1.000  0.019   41  35.2 |   1  1.000 |    1  1.000 |  29   102  0.028 |  42  0.027 | 3,5,6,7,10,11,12,13,16,17,19,20,21,22,...
  5250  1.000  0.021   41  34.9 |   1  1.000 |    1  1.000 |  32   113  0.028 |  41  0.033 | 6,7,10,11,12,13,16,17,18,19,20,21,22,23,...
  5500  1.000  0.027   41  34.6 |   1  1.000 |    1  1.000 |  29   110  0.037 |  40  0.040 | 6,7,8,10,11,12,13,16,17,18,19,20,21,22,...
  5750  1.000  0.032   40  34.3 |   1  1.000 |    1  1.000 |  29   112  0.039 |  40  0.046 | 6,7,8,10,11,12,13,14,16,17,18,19,20,21,...
  6000  1.000  0.038   40  34.0 |   1  1.000 |    1  1.000 |  30   115  0.043 |  40  0.054 | 6,7,8,10,11,12,13,16,17,18,19,20,21,22,...
  6250  1.000  0.043   40  33.7 |   1  1.000 |    1  1.000 |  28   108  0.052 |  39  0.065 | 7,8,10,11,12,13,16,17,18,19,20,21,22,23,...
  6500  1.000  0.051   40  33.5 |   1  1.000 |    1  1.000 |  29   114  0.056 |  39  0.075 | 6,7,8,10,11,12,13,16,18,19,20,21,22,23,...
  6750  1.000  0.060   40  33.2 |   1  1.000 |    1  1.000 |  27   110  0.071 |  38  0.090 | 5,7,8,10,11,12,13,18,19,20,21,22,23,24,...
  7000  1.000  0.067   40  33.0 |   1  1.000 |    1  1.000 |  27   109  0.083 |  38  0.095 | 5,7,8,10,11,12,13,18,19,20,21,22,23,24,...
  7250  1.000  0.077   40  32.7 |   1  1.000 |    1  1.000 |  27   109  0.093 |  37  0.111 | 5,7,8,10,11,12,13,18,19,20,22,23,24,26,...
  7500  1.000  0.089   39  32.4 |   1  1.000 |    1  1.000 |  26   106  0.101 |  35  0.142 | 7,8,10,11,12,13,14,18,20,22,23,24,26,30,...
  7750  1.000  0.103   39  32.1 |   1  1.000 |    1  1.000 |  25   110  0.111 |  34  0.166 | 7,8,10,11,12,13,14,18,19,20,22,23,24,30,...
  8000  1.000  0.122   39  31.8 |   1  1.000 |    1  1.000 |  24   108  0.128 |  35  0.178 | 7,8,10,11,12,13,14,18,19,20,22,23,24,30,...
  8250  1.000  0.138   39  31.5 |   1  1.000 |    1  1.000 |  23   104  0.151 |  33  0.209 | 8,10,11,12,13,18,19,20,22,23,24,30,33,36,...
  8500  1.000  0.157   39  31.2 |   1  1.000 |    1  1.000 |  22   101  0.172 |  32  0.237 | 8,10,11,12,13,18,19,20,22,23,24,26,30,33,...
  8750  1.000  0.183   38  30.9 |   1  1.000 |    1  1.000 |  21   103  0.193 |  28  0.305 | 8,10,11,12,13,18,19,20,22,23,24,26,30,33,...
  9000  1.000  0.211   38  30.5 |   1  1.000 |    1  1.000 |  22   107  0.225 |  28  0.346 | 7,10,11,12,13,18,19,20,22,23,24,26,30,33,...
  9250  1.000  0.242   38  30.2 |   1  1.000 |    1  1.000 |  21   105  0.250 |  25  0.419 | 10,11,12,13,16,18,20,22,24,26,30,33,36,37,...
  9500  1.000  0.274   38  29.8 |   1  1.000 |    1  1.000 |  21   107  0.266 |  25  0.461 | 10,11,12,13,16,18,20,22,24,25,26,30,33,36,...
  9750  1.000  0.314   38  29.5 |   1  1.000 |    1  1.000 |  18   102  0.294 |  23  0.512 | 10,11,12,13,16,18,20,22,24,30,33,36,37,38,...
 10000  1.000  0.352   37  29.1 |   1  1.000 |    1  1.000 |  19   106  0.340 |  21  0.570 | 10,11,12,13,16,18,20,22,24,30,33,36,37,38,...
 10250  1.000  0.396   37  28.7 |   1  1.000 |    1  1.000 |  18   102  0.395 |  20  0.606 | 10,11,12,13,18,20,22,24,26,30,33,36,37,38,...
 10500  1.000  0.450   37  28.3 |   1  1.000 |    1  1.000 |  17   103  0.434 |  20  0.657 | 10,11,12,13,18,20,22,24,30,33,36,37,38,44,...
 10750  1.000  0.504   36  27.8 |   1  1.000 |    1  1.000 |  16   100  0.475 |  15  0.734 | 10,11,12,13,18,20,22,24,30,33,36,38,44,45,...
 11000  1.000  0.564   36  27.3 |   1  1.000 |    1  1.000 |  16   100  0.526 |  16  0.766 | 10,11,12,13,18,20,22,24,30,33,36,38,44,45,...
 11250  1.000  0.630   36  26.6 |   1  1.000 |    1  1.000 |  16   100  0.590 |  15  0.805 | 10,11,12,13,18,22,24,30,33,36,38,39,44,45,...
 11500  1.000  0.693   35  26.0 |   1  1.000 |    1  1.000 |  16   100  0.653 |  13  0.833 | 10,11,12,13,18,22,24,30,33,36,38,39,44,45,...
 11750  1.000  0.752   35  25.4 |   1  1.000 |    1  1.000 |  15    95  0.682 |  13  0.862 | 10,11,12,13,18,22,24,30,33,36,38,44,45,46,...
 12000  1.000  0.800   34  24.7 |   1  1.000 |    1  1.000 |  13    85  0.707 |  12  0.879 | 10,11,13,18,24,30,33,36,38,44,45,46,47
 12250  1.000  0.841   34  24.1 |   1  1.000 |    1  1.000 |  13    86  0.757 |  14  0.915 | 10,11,13,18,24,30,33,36,38,44,45,46,47
 12500  1.000  0.874   33  23.6 |   1  1.000 |    1  1.000 |  13    88  0.784 |  12  0.912 | 10,11,12,13,18,22,30,33,36,44,45,46,47
 12750  1.000  0.897   32  23.1 |   1  1.000 |    1  1.000 |  12    81  0.795 |  12  0.922 | 10,11,12,13,18,30,33,36,44,45,46,47
 13000  1.000  0.914   32  22.6 |   1  1.000 |    1  1.000 |  12    82  0.820 |  12  0.930 | 10,11,12,13,18,30,33,36,44,45,46,47
 13250  1.000  0.932   31  22.3 |   1  1.000 |    1  1.000 |  12    84  0.839 |  12  0.935 | 10,11,12,13,18,30,33,36,44,45,46,47
 13500  1.000  0.944   30  21.9 |   1  1.000 |    1  1.000 |  12    84  0.871 |  13  0.954 | 10,11,13,18,24,30,33,36,44,45,46,47
 13750  1.000  0.954   30  21.6 |   1  1.000 |    1  1.000 |  12    84  0.894 |  12  0.949 | 10,11,13,18,24,30,33,36,44,45,46,47
 14000  1.000  0.961   29  21.4 |   1  1.000 |    1  1.000 |  12    85  0.915 |  12  0.955 | 10,11,13,18,24,30,33,36,44,45,46,47
 14250  1.000  0.966   28  21.2 |   1  1.000 |    1  1.000 |  12    86  0.925 |  12  0.958 | 10,11,13,18,24,30,33,36,44,45,46,47
 14500  1.000  0.971   27  21.0 |   1  1.000 |    1  1.000 |  12    86  0.928 |  12  0.960 | 10,11,13,18,24,30,33,36,44,45,46,47
 14750  1.000  0.975   27  20.8 |   1  1.000 |    1  1.000 |  12    87  0.928 |  13  0.977 | 10,11,13,18,24,30,33,36,44,45,46,47
 15000  1.000  0.978   26  20.7 |   1  1.000 |    1  1.000 |  12    87  0.934 |  13  0.952 | 10,11,13,18,24,30,33,36,44,45,46,47
 15250  1.000  0.982   26  20.6 |   1  1.000 |    1  1.000 |  12    86  0.932 |  12  0.942 | 10,11,13,18,24,30,33,36,44,45,46,47
 15500  1.000  0.985   25  20.6 |   1  1.000 |    1  1.000 |  12    88  0.939 |  12  0.968 | 10,11,13,18,24,30,33,36,44,45,46,47
 15750  1.000  0.986   24  20.5 |   1  1.000 |    1  1.000 |  12    89  0.938 |  13  0.980 | 10,11,13,18,24,30,33,36,44,45,46,47
 16000  1.000  0.990   24  20.4 |   1  1.000 |    1  1.000 |  13    92  0.956 |  13  0.980 | 10,11,13,18,24,30,33,36,38,44,45,46,47
 16250  1.000  0.992   23  20.4 |   1  1.000 |    1  1.000 |  13    92  0.954 |  13  0.979 | 10,11,13,18,24,30,33,36,38,44,45,46,47
 16500  1.000  0.994   22  20.3 |   1  1.000 |    1  1.000 |  13    93  0.948 |  13  0.977 | 10,11,13,18,24,30,33,36,38,44,45,46,47
 16750  1.000  0.995   21  20.1 |   1  1.000 |    1  1.000 |  14   102  0.970 |  14  0.986 | 10,11,13,18,24,30,33,36,38,39,44,45,46,47
 17000  1.000  0.997   20  20.0 |   1  1.000 |    1  1.000 |  14   101  0.961 |  14  0.992 | 10,11,13,18,22,24,30,33,36,38,39,44,45,46
 17250  1.000  0.998   19  19.8 |   1  1.000 |    1  1.000 |  14   101  0.962 |  14  0.993 | 10,11,13,18,22,24,30,33,36,38,39,44,45,46
 17500  1.000  0.998   18  19.7 |   1  1.000 |    1  1.000 |  14   102  0.967 |  14  0.987 | 10,11,13,18,22,24,30,33,36,38,39,44,45,46
 17750  1.000  0.999   18  19.5 |   1  1.000 |    1  1.000 |  13    98  0.958 |  14  0.991 | 10,11,13,18,24,30,33,36,38,39,44,45,46
 18000  1.000  0.999   17  19.4 |   1  1.000 |    1  1.000 |  13    99  0.961 |  14  0.995 | 10,11,13,18,24,30,33,36,38,39,44,45,46
 18250  1.000  1.000   17  19.3 |   1  1.000 |    1  1.000 |  13    99  0.962 |  14  0.988 | 10,11,13,18,24,30,33,36,38,39,44,45,46
 18500  1.000  1.000   16  19.2 |   1  1.000 |    1  1.000 |  13    99  0.965 |  14  0.995 | 10,11,13,18,24,30,33,36,38,39,44,45,46
 18750  1.000  1.000   16  19.0 |   1  1.000 |    1  1.000 |  13    99  0.967 |  13  0.986 | 10,11,13,18,24,30,33,36,38,39,44,45,46
 19000  1.000  1.000   16  18.9 |   1  1.000 |    1  1.000 |  13   100  0.967 |  13  0.973 | 10,11,13,18,24,30,33,36,38,39,44,45,46
 19250  1.000  1.000   16  18.9 |   1  1.000 |    1  1.000 |  13   100  0.968 |  13  0.987 | 10,11,13,18,24,30,33,36,38,39,44,45,46
 19500  1.000  1.000   16  18.8 |   1  1.000 |    1  1.000 |  13   101  0.974 |  13  0.988 | 10,11,13,18,24,30,33,36,38,39,44,45,46
 19750  1.000  1.000   16  18.7 |   1  1.000 |    1  1.000 |  13   101  0.976 |  13  0.988 | 10,11,13,18,24,30,33,36,38,39,44,45,46
 20000  1.000  1.000   16  18.7 |   1  1.000 |    1  1.000 |  13   101  0.977 |  13  0.989 | 10,11,13,18,24,30,33,36,38,39,44,45,46
 20250  1.000  1.000   16  18.6 |   1  1.000 |    1  1.000 |  13   102  0.980 |  13  0.990 | 10,11,13,18,24,30,33,36,38,39,44,45,46
 20500  1.000  1.000   16  18.6 |   1  1.000 |    1  1.000 |  13   103  0.982 |  13  0.991 | 10,11,13,18,24,30,33,36,38,39,44,45,46
 20750  1.000  1.000   16  18.5 |   1  1.000 |    1  1.000 |  13   103  0.983 |  13  0.992 | 10,11,13,18,24,30,33,36,38,39,44,45,46
 21000  1.000  1.000   16  18.5 |   1  1.000 |    1  1.000 |  13   103  0.988 |  13  0.993 | 10,11,13,18,24,30,33,36,38,39,44,45,46
 21250  1.000  1.000   16  18.4 |   1  1.000 |    1  1.000 |  13   103  0.990 |  13  0.993 | 10,11,13,18,24,30,33,36,38,39,44,45,46
 21500  1.000  1.000   16  18.4 |   1  1.000 |    1  1.000 |  13   103  0.992 |  13  0.992 | 10,11,13,18,24,30,33,36,38,39,44,45,46
 21750  1.000  1.000   16  18.3 |   1  1.000 |    1  1.000 |  13   101  0.994 |  13  0.984 | 10,11,13,18,24,30,33,36,38,39,44,45,46
 22000  1.000  1.000   16  18.3 |   1  1.000 |    1  1.000 |  13   101  0.995 |  13  0.984 | 10,11,13,18,24,30,33,36,38,39,44,45,46
 22250  1.000  1.000   16  18.2 |   1  1.000 |    1  1.000 |  13   100  0.996 |  13  0.986 | 10,11,13,18,24,30,33,36,38,39,44,45,46
 22500  1.000  1.000   16  18.1 |   1  1.000 |    1  1.000 |  13   100  0.997 |  13  0.987 | 10,11,13,18,24,30,33,36,38,39,44,45,46
 22750  1.000  1.000   16  18.1 |   1  1.000 |    1  1.000 |  12    94  0.989 |  13  0.988 | 10,11,13,18,30,33,36,38,39,44,45,46
 23000  1.000  1.000   16  18.1 |   1  1.000 |    1  1.000 |  12    92  0.981 |  13  0.992 | 10,11,18,30,33,36,38,39,44,45,46,47
 23250  1.000  1.000   16  18.0 |   1  1.000 |    1  1.000 |  12    92  0.979 |  13  0.993 | 10,11,18,24,30,33,36,38,39,44,45,46
 23500  1.000  1.000   15  18.0 |   1  1.000 |    1  1.000 |  12    92  0.981 |  13  0.994 | 10,11,18,24,30,33,36,38,39,44,45,46
 23750  1.000  1.000   15  17.9 |   1  1.000 |    1  1.000 |  12    92  0.983 |  13  0.995 | 10,11,18,24,30,33,36,38,39,44,45,46
 24000  1.000  1.000   15  17.9 |   1  1.000 |    1  1.000 |  12    92  0.990 |  13  0.995 | 10,11,18,30,33,36,38,39,44,45,46,47
 24250  1.000  1.000   15  17.9 |   1  1.000 |    1  1.000 |  12    92  0.991 |  12  0.987 | 10,11,18,30,33,36,38,39,44,45,46,47
 24500  1.000  1.000   15  17.8 |   1  1.000 |    1  1.000 |  12    92  0.992 |  12  0.987 | 10,11,18,30,33,36,38,39,44,45,46,47
 24750  1.000  1.000   15  17.8 |   1  1.000 |    1  1.000 |  12    92  0.992 |  12  0.988 | 10,11,18,30,33,36,38,39,44,45,46,47
 25000  1.000  1.000   15  17.8 |   1  1.000 |    1  1.000 |  12    92  0.993 |  12  0.988 | 10,11,18,30,33,36,38,39,44,45,46,47
 25250  1.000  1.000   15  17.8 |   1  1.000 |    1  1.000 |  11    84  0.968 |  12  0.988 | 10,11,18,30,33,36,38,39,44,45,46
 25500  1.000  1.000   15  17.7 |   1  1.000 |    1  1.000 |  11    84  0.968 |  12  0.988 | 10,11,18,30,33,36,38,39,44,45,46
 25750  1.000  1.000   15  17.7 |   1  1.000 |    1  1.000 |  11    84  0.970 |  12  0.988 | 10,11,18,30,33,36,38,39,44,45,46
 26000  1.000  1.000   15  17.7 |   1  1.000 |    1  1.000 |  11    84  0.970 |  12  0.989 | 10,11,18,30,33,36,38,39,44,45,46
 26250  1.000  1.000   15  17.7 |   1  1.000 |    1  1.000 |  11    84  0.970 |  12  0.988 | 10,11,18,30,33,36,38,39,44,45,46
 26500  1.000  1.000   15  17.7 |   1  1.000 |    1  1.000 |  11    84  0.970 |  12  0.989 | 10,11,18,30,33,36,38,39,44,45,46
 26750  1.000  1.000   15  17.6 |   1  1.000 |    1  1.000 |  12    92  0.992 |  12  0.990 | 10,11,18,30,33,36,38,39,44,45,46,47
 27000  1.000  1.000   15  17.6 |   1  1.000 |    1  1.000 |  11    85  0.980 |  12  0.990 | 10,11,18,30,36,38,39,44,45,46,47
 27250  1.000  1.000   15  17.6 |   1  1.000 |    1  1.000 |  11    85  0.980 |  12  0.990 | 10,11,18,30,36,38,39,44,45,46,47
 27500  1.000  1.000   15  17.6 |   1  1.000 |    1  1.000 |  11    86  0.982 |  12  0.990 | 10,11,18,30,36,38,39,44,45,46,47
 27750  1.000  1.000   15  17.6 |   1  1.000 |    1  1.000 |  11    86  0.983 |  12  0.991 | 10,11,18,30,36,38,39,44,45,46,47
 28000  1.000  1.000   15  17.6 |   1  1.000 |    1  1.000 |  11    85  0.981 |  12  0.991 | 10,11,18,30,36,38,39,44,45,46,47
 28250  1.000  1.000   15  17.6 |   1  1.000 |    1  1.000 |  11    85  0.981 |  12  0.991 | 10,11,18,30,36,38,39,44,45,46,47
 28500  1.000  1.000   15  17.6 |   1  1.000 |    1  1.000 |  11    85  0.982 |  12  0.992 | 10,11,18,30,36,38,39,44,45,46,47
 28750  1.000  1.000   15  17.5 |   1  1.000 |    1  1.000 |  11    85  0.981 |  12  0.992 | 10,11,18,30,36,38,39,44,45,46,47
 29000  1.000  1.000   15  17.5 |   1  1.000 |    1  1.000 |  11    85  0.982 |  12  0.992 | 10,11,18,30,36,38,39,44,45,46,47
 29250  1.000  1.000   15  17.5 |   1  1.000 |    1  1.000 |  11    86  0.982 |  12  0.992 | 10,11,18,30,36,38,39,44,45,46,47
 29500  1.000  1.000   15  17.5 |   1  1.000 |    1  1.000 |  11    86  0.982 |  12  0.992 | 10,11,18,30,36,38,39,44,45,46,47
 29750  1.000  1.000   15  17.5 |   1  1.000 |    1  1.000 |  11    86  0.983 |  12  0.992 | 10,11,18,30,36,38,39,44,45,46,47
 30000  1.000  1.000   15  17.5 |   1  1.000 |    1  1.000 |  11    86  0.983 |  12  0.992 | 10,11,18,30,36,38,39,44,45,46,47
 30250  1.000  1.000   15  17.5 |   1  1.000 |    1  1.000 |  11    86  0.983 |  12  0.992 | 10,11,18,30,36,38,39,44,45,46,47
 30500  1.000  1.000   15  17.5 |   1  1.000 |    1  1.000 |  11    86  0.983 |  12  0.993 | 10,11,18,30,36,38,39,44,45,46,47
 30750  1.000  1.000   15  17.5 |   1  1.000 |    1  1.000 |  11    86  0.983 |  12  0.993 | 10,11,18,30,36,38,39,44,45,46,47
 31000  1.000  1.000   15  17.5 |   1  1.000 |    1  1.000 |  11    86  0.983 |  12  0.993 | 10,11,18,30,36,38,39,44,45,46,47
 31250  1.000  1.000   15  17.5 |   1  1.000 |    1  1.000 |  11    86  0.983 |  12  0.993 | 10,11,18,30,36,38,39,44,45,46,47
 31500  1.000  1.000   15  17.5 |   1  1.000 |    1  1.000 |  11    87  0.983 |  12  0.994 | 10,11,18,30,36,38,39,44,45,46,47
 31750  1.000  1.000   15  17.5 |   1  1.000 |    1  1.000 |  11    87  0.983 |  12  0.993 | 10,11,18,30,36,38,39,44,45,46,47
 32000  1.000  1.000   15  17.5 |   1  1.000 |    1  1.000 |  11    87  0.983 |  12  0.994 | 10,11,18,30,36,38,39,44,45,46,47
 32250  1.000  1.000   15  17.5 |   1  1.000 |    1  1.000 |  11    87  0.983 |  12  0.994 | 10,11,18,30,36,38,39,44,45,46,47
 32500  1.000  1.000   15  17.5 |   1  1.000 |    1  1.000 |  11    87  0.983 |  12  0.994 | 10,11,18,30,36,38,39,44,45,46,47
 32750  1.000  1.000   15  17.5 |   1  1.000 |    1  1.000 |  11    87  0.983 |  12  0.994 | 10,11,18,30,36,38,39,44,45,46,47
 33000  1.000  1.000   15  17.5 |   1  1.000 |    1  1.000 |  11    87  0.983 |  12  0.994 | 10,11,18,30,36,38,39,44,45,46,47
 33250  1.000  1.000   15  17.5 |   1  1.000 |    1  1.000 |  11    87  0.983 |  12  0.994 | 10,11,18,30,36,38,39,44,45,46,47
 33500  1.000  1.000   15  17.5 |   1  1.000 |    1  1.000 |  11    87  0.983 |  12  0.995 | 10,11,18,30,36,38,39,44,45,46,47
 33750  1.000  1.000   15  17.5 |   1  1.000 |    1  1.000 |  11    87  0.982 |  12  0.995 | 10,11,18,30,36,38,39,44,45,46,47
 34000  1.000  1.000   15  17.5 |   1  1.000 |    1  1.000 |  11    87  0.982 |  12  0.995 | 10,11,18,30,36,38,39,44,45,46,47
 34250  1.000  1.000   15  17.5 |   1  1.000 |    1  1.000 |  11    87  0.982 |  12  0.995 | 10,11,18,30,36,38,39,44,45,46,47
 34500  1.000  1.000   15  17.5 |   1  1.000 |    1  1.000 |  11    86  0.983 |  12  0.995 | 10,11,18,30,36,38,39,44,45,46,47
 34750  1.000  1.000   15  17.5 |   1  1.000 |    1  1.000 |  11    86  0.983 |  12  0.995 | 10,11,18,30,36,38,39,44,45,46,47
 35000  1.000  1.000   15  17.5 |   1  1.000 |    1  1.000 |  11    86  0.983 |  12  0.995 | 10,11,18,30,36,38,39,44,45,46,47
 35250  1.000  1.000   15  17.5 |   1  1.000 |    1  1.000 |  11    86  0.983 |  12  0.995 | 10,11,18,30,36,38,39,44,45,46,47
 35500  1.000  1.000   15  17.5 |   1  1.000 |    1  1.000 |  11    87  0.985 |  12  0.995 | 10,11,18,30,36,38,39,44,45,46,47
 35750  1.000  1.000   15  17.5 |   1  1.000 |    1  1.000 |  11    87  0.985 |  12  0.995 | 10,11,18,30,36,38,39,44,45,46,47
 36000  1.000  1.000   15  17.5 |   1  1.000 |    1  1.000 |  11    87  0.985 |  12  0.995 | 10,11,18,30,36,38,39,44,45,46,47
 36250  1.000  1.000   15  17.5 |   1  1.000 |    1  1.000 |  11    87  0.985 |  13  0.997 | 10,11,18,30,36,38,39,44,45,46,47
 36500  1.000  1.000   15  17.5 |   1  1.000 |    1  1.000 |  11    88  0.985 |  13  0.997 | 10,11,18,30,36,38,39,44,45,46,47
 36750  1.000  1.000   15  17.5 |   1  1.000 |    1  1.000 |  11    88  0.985 |  13  0.998 | 10,11,18,30,36,38,39,44,45,46,47
 37000  1.000  1.000   15  17.5 |   1  1.000 |    1  1.000 |  11    88  0.985 |  13  0.998 | 10,11,18,30,36,38,39,44,45,46,47
 37250  1.000  1.000   15  17.4 |   1  1.000 |    1  1.000 |  11    87  0.982 |  13  0.998 | 10,11,18,30,36,38,39,44,45,46,47
 37500  1.000  1.000   15  17.4 |   1  1.000 |    1  1.000 |  12    93  0.998 |  13  0.998 | 10,11,18,24,30,36,38,39,44,45,46,47
 37750  1.000  1.000   15  17.4 |   1  1.000 |    1  1.000 |  11    87  0.982 |  13  0.998 | 10,11,18,30,36,38,39,44,45,46,47
 38000  1.000  1.000   15  17.4 |   1  1.000 |    1  1.000 |  11    87  0.982 |  13  0.998 | 10,11,18,30,36,38,39,44,45,46,47
 38250  1.000  1.000   15  17.4 |   1  1.000 |    1  1.000 |  11    87  0.981 |  13  0.998 | 10,11,18,30,36,38,39,44,45,46,47
 38500  1.000  1.000   15  17.4 |   1  1.000 |    1  1.000 |  11    87  0.981 |  13  0.998 | 10,11,18,30,36,38,39,44,45,46,47
 38750  1.000  1.000   15  17.4 |   1  1.000 |    1  1.000 |  12    93  0.998 |  13  0.998 | 10,11,18,24,30,36,38,39,44,45,46,47
 39000  1.000  1.000   15  17.4 |   1  1.000 |    1  1.000 |  12    93  0.997 |  13  0.998 | 10,11,18,24,30,36,38,39,44,45,46,47
 39250  1.000  1.000   15  17.4 |   1  1.000 |    1  1.000 |  12    93  0.997 |  13  0.998 | 10,11,18,24,30,36,38,39,44,45,46,47
 39500  1.000  1.000   15  17.4 |   1  1.000 |    1  1.000 |  12    93  0.997 |  13  0.998 | 10,11,18,24,30,36,38,39,44,45,46,47
 39750  1.000  1.000   15  17.4 |   1  1.000 |    1  1.000 |  12    93  0.997 |  13  0.998 | 10,11,18,24,30,36,38,39,44,45,46,47
 39999  1.000  1.000   15  17.4 |   1  1.000 |    1  1.000 |  12    92  0.997 |  13  0.998 | 10,11,18,24,30,36,38,39,44,45,46,47

## Random-order controls (5 permutations) vs producer order, k and held-out at snapshots with controls
 epoch rule | B: k_prod k_rand[min..max] held_prod held_rand_mean | C: k_prod k_rand[min..max] held_prod held_rand_mean
    -1  le0 |  15 [16..27] 0.010 0.010 |  16 [ 9..24] 0.010 0.010
    -1  lt1 |   2 [ 1.. 3] 0.010 0.010 |   0 [ 0.. 0] 0.010 0.010
    -1   m3 |   0 [ 0.. 0] 0.010 0.010 |   0 [ 0.. 0] 0.010 0.010
     0  le0 |  21 [17..31] 0.010 0.010 |   5 [ 4..18] 0.010 0.010
     0  lt1 |   2 [ 1.. 4] 0.010 0.010 |   0 [ 0.. 0] 0.010 0.010
     0   m3 |   0 [ 0.. 0] 0.010 0.010 |   0 [ 0.. 0] 0.010 0.010
  1000  le0 |  44 [42..48] 0.001 0.000 |  45 [47..48] 0.000 0.000
  1000  lt1 |  41 [36..45] 0.001 0.001 |  45 [47..48] 0.000 0.000
  1000   m3 |  27 [10..32] 0.002 0.003 |  10 [11..17] 0.022 0.015
  2000  le0 |  48 [44..45] 0.001 0.001 |  46 [47..48] 0.001 0.001
  2000  lt1 |  43 [35..40] 0.001 0.002 |  46 [42..47] 0.001 0.001
  2000   m3 |  41 [23..30] 0.001 0.004 |  28 [16..37] 0.010 0.010
  3000  le0 |  47 [39..47] 0.004 0.006 |  47 [45..48] 0.005 0.003
  3000  lt1 |  37 [34..38] 0.007 0.006 |  45 [44..47] 0.005 0.004
  3000   m3 |  35 [18..30] 0.004 0.009 |  44 [27..40] 0.007 0.015
  4000  le0 |  45 [44..47] 0.009 0.009 |  48 [47..48] 0.007 0.008
  4000  lt1 |  39 [39..42] 0.008 0.009 |  46 [46..47] 0.009 0.009
  4000   m3 |  34 [24..36] 0.013 0.015 |  43 [33..42] 0.012 0.018
  5000  le0 |  45 [41..45] 0.022 0.021 |  48 [46..48] 0.019 0.020
  5000  lt1 |  40 [34..40] 0.022 0.022 |  44 [45..46] 0.024 0.020
  5000   m3 |  29 [18..30] 0.028 0.030 |  42 [27..43] 0.027 0.039
  6000  le0 |  42 [40..44] 0.039 0.041 |  48 [47..48] 0.038 0.038
  6000  lt1 |  34 [31..37] 0.040 0.042 |  42 [44..47] 0.048 0.041
  6000   m3 |  30 [17..29] 0.043 0.046 |  40 [29..40] 0.054 0.065
  7000  le0 |  46 [40..44] 0.072 0.071 |  48 [46..48] 0.067 0.069
  7000  lt1 |  35 [28..35] 0.075 0.072 |  42 [43..46] 0.083 0.071
  7000   m3 |  27 [20..28] 0.083 0.075 |  38 [27..41] 0.095 0.112
  8000  le0 |  43 [39..43] 0.125 0.120 |  48 [45..48] 0.122 0.124
  8000  lt1 |  32 [29..35] 0.128 0.121 |  41 [41..45] 0.142 0.139
  8000   m3 |  24 [20..26] 0.128 0.111 |  35 [25..37] 0.178 0.192
  9000  le0 |  48 [39..46] 0.211 0.204 |  47 [45..48] 0.214 0.215
  9000  lt1 |  27 [26..33] 0.211 0.202 |  39 [40..45] 0.255 0.226
  9000   m3 |  22 [20..24] 0.225 0.195 |  28 [23..38] 0.346 0.296
 10000  le0 |  46 [40..46] 0.347 0.329 |  41 [45..47] 0.395 0.359
 10000  lt1 |  24 [29..31] 0.358 0.340 |  36 [39..46] 0.424 0.382
 10000   m3 |  19 [17..24] 0.340 0.303 |  21 [18..33] 0.570 0.438
 11000  le0 |  47 [45..46] 0.562 0.550 |  41 [38..48] 0.603 0.579
 11000  lt1 |  21 [28..32] 0.533 0.541 |  28 [36..43] 0.689 0.580
 11000   m3 |  16 [20..21] 0.526 0.487 |  16 [22..28] 0.766 0.702
 12000  le0 |  48 [42..44] 0.800 0.784 |  43 [37..46] 0.806 0.812
 12000  lt1 |  18 [26..30] 0.761 0.781 |  23 [32..40] 0.884 0.817
 12000   m3 |  13 [18..22] 0.707 0.731 |  12 [17..28] 0.879 0.855
 13000  le0 |  48 [43..45] 0.914 0.897 |  48 [38..45] 0.914 0.920
 13000  lt1 |  15 [24..28] 0.887 0.880 |  21 [31..39] 0.955 0.908
 13000   m3 |  12 [15..21] 0.820 0.865 |  12 [18..22] 0.930 0.935
 14000  le0 |  48 [41..46] 0.961 0.956 |  43 [40..43] 0.962 0.962
 14000  lt1 |  15 [21..28] 0.931 0.943 |  17 [28..37] 0.981 0.956
 14000   m3 |  12 [18..20] 0.915 0.918 |  12 [19..21] 0.955 0.956
 15000  le0 |  48 [40..45] 0.978 0.975 |  48 [37..42] 0.978 0.982
 15000  lt1 |  15 [21..26] 0.968 0.959 |  16 [32..36] 0.984 0.969
 15000   m3 |  12 [17..19] 0.934 0.949 |  13 [15..21] 0.952 0.974
 16000  le0 |  47 [41..45] 0.983 0.991 |  48 [42..46] 0.990 0.989
 16000  lt1 |  15 [21..25] 0.980 0.982 |  15 [30..35] 0.983 0.981
 16000   m3 |  13 [15..18] 0.956 0.956 |  13 [16..21] 0.980 0.987
 17000  le0 |  48 [44..46] 0.997 0.995 |  48 [38..43] 0.997 0.996
 17000  lt1 |  15 [21..23] 0.977 0.981 |  16 [27..33] 0.999 0.989
 17000   m3 |  14 [14..18] 0.961 0.968 |  14 [17..20] 0.992 0.992
 18000  le0 |  48 [43..48] 0.999 1.000 |  48 [37..42] 0.999 0.999
 18000  lt1 |  14 [17..22] 0.983 0.995 |  16 [27..38] 1.000 0.994
 18000   m3 |  13 [14..17] 0.961 0.970 |  14 [17..20] 0.995 0.991
 19000  le0 |  48 [44..47] 1.000 1.000 |  48 [39..45] 1.000 1.000
 19000  lt1 |  14 [16..20] 0.991 0.990 |  16 [25..34] 1.000 0.991
 19000   m3 |  13 [14..16] 0.967 0.979 |  13 [15..19] 0.973 0.989
 20000  le0 |  48 [42..47] 1.000 1.000 |  48 [38..43] 1.000 1.000
 20000  lt1 |  14 [17..20] 0.994 0.991 |  14 [26..32] 0.997 0.994
 20000   m3 |  13 [12..17] 0.977 0.970 |  13 [15..17] 0.989 0.990
 21000  le0 |  48 [45..47] 1.000 1.000 |  48 [36..40] 1.000 1.000
 21000  lt1 |  14 [15..19] 0.997 0.990 |  14 [27..31] 0.998 0.996
 21000   m3 |  13 [12..14] 0.988 0.979 |  13 [16..20] 0.993 0.993
 22000  le0 |  48 [43..48] 1.000 1.000 |  48 [34..44] 1.000 1.000
 22000  lt1 |  13 [16..20] 0.995 0.993 |  15 [26..33] 1.000 0.995
 22000   m3 |  13 [12..15] 0.995 0.986 |  13 [16..18] 0.984 0.991
 23000  le0 |  48 [44..46] 1.000 1.000 |  48 [36..45] 1.000 1.000
 23000  lt1 |  14 [14..21] 1.000 0.995 |  14 [25..33] 0.999 0.997
 23000   m3 |  12 [12..15] 0.981 0.991 |  13 [14..17] 0.992 0.993
 24000  le0 |  48 [42..46] 1.000 1.000 |  48 [39..43] 1.000 1.000
 24000  lt1 |  13 [15..21] 0.998 0.997 |  14 [27..34] 0.999 0.995
 24000   m3 |  12 [12..15] 0.990 0.986 |  13 [15..17] 0.995 0.988
 25000  le0 |  48 [42..46] 1.000 1.000 |  48 [34..43] 1.000 1.000
 25000  lt1 |  12 [15..21] 0.993 0.996 |  13 [25..32] 0.997 0.996
 25000   m3 |  12 [12..14] 0.993 0.983 |  12 [16..18] 0.988 0.989
 26000  le0 |  48 [43..47] 1.000 1.000 |  48 [35..39] 1.000 1.000
 26000  lt1 |  12 [17..21] 0.991 0.996 |  14 [26..30] 1.000 0.999
 26000   m3 |  11 [12..15] 0.970 0.989 |  12 [16..18] 0.989 0.991
 27000  le0 |  48 [43..47] 1.000 1.000 |  48 [34..43] 1.000 1.000
 27000  lt1 |  13 [15..19] 0.999 0.997 |  13 [27..33] 0.997 0.998
 27000   m3 |  11 [12..14] 0.980 0.993 |  12 [15..18] 0.990 0.993
 28000  le0 |  48 [44..47] 1.000 1.000 |  48 [37..40] 1.000 1.000
 28000  lt1 |  13 [16..20] 1.000 0.996 |  13 [25..31] 0.998 0.998
 28000   m3 |  11 [12..14] 0.981 0.989 |  12 [16..18] 0.991 0.991
 29000  le0 |  48 [45..47] 1.000 1.000 |  48 [35..41] 1.000 1.000
 29000  lt1 |  13 [17..19] 0.999 0.997 |  13 [27..34] 0.998 0.999
 29000   m3 |  11 [12..14] 0.982 0.989 |  12 [15..18] 0.992 0.991
 30000  le0 |  48 [44..48] 1.000 1.000 |  48 [38..42] 1.000 1.000
 30000  lt1 |  13 [14..19] 1.000 0.996 |  13 [28..35] 0.998 0.999
 30000   m3 |  11 [12..14] 0.983 0.990 |  12 [16..17] 0.992 0.994
 31000  le0 |  48 [43..48] 1.000 1.000 |  48 [35..38] 1.000 1.000
 31000  lt1 |  13 [14..19] 1.000 0.998 |  13 [25..33] 0.998 0.999
 31000   m3 |  11 [12..14] 0.983 0.991 |  12 [14..18] 0.993 0.990
 32000  le0 |  48 [44..47] 1.000 1.000 |  48 [37..41] 1.000 1.000
 32000  lt1 |  12 [14..18] 0.995 0.998 |  13 [27..32] 0.998 0.999
 32000   m3 |  11 [12..14] 0.983 0.992 |  12 [15..17] 0.994 0.990
 33000  le0 |  48 [44..46] 1.000 1.000 |  48 [35..41] 1.000 1.000
 33000  lt1 |  12 [14..18] 0.995 0.996 |  13 [27..33] 0.999 0.999
 33000   m3 |  11 [12..14] 0.983 0.992 |  12 [15..19] 0.994 0.993
 34000  le0 |  48 [46..47] 1.000 1.000 |  48 [37..42] 1.000 1.000
 34000  lt1 |  12 [15..17] 0.995 0.997 |  13 [27..30] 0.999 0.998
 34000   m3 |  11 [11..14] 0.982 0.988 |  12 [15..17] 0.995 0.991
 35000  le0 |  48 [46..47] 1.000 1.000 |  48 [36..43] 1.000 1.000
 35000  lt1 |  12 [14..17] 0.993 0.995 |  13 [26..36] 0.999 0.999
 35000   m3 |  11 [11..14] 0.983 0.982 |  12 [16..16] 0.995 0.995
 36000  le0 |  48 [46..48] 1.000 1.000 |  48 [35..40] 1.000 1.000
 36000  lt1 |  12 [13..16] 0.995 0.996 |  13 [22..34] 0.999 0.999
 36000   m3 |  11 [11..14] 0.985 0.988 |  12 [15..18] 0.995 0.993
 37000  le0 |  48 [46..48] 1.000 1.000 |  48 [38..42] 1.000 1.000
 37000  lt1 |  12 [13..16] 0.995 0.996 |  13 [24..30] 0.999 0.999
 37000   m3 |  11 [11..14] 0.985 0.989 |  13 [15..18] 0.998 0.992
 38000  le0 |  48 [45..48] 1.000 1.000 |  48 [37..44] 1.000 1.000
 38000  lt1 |  13 [13..17] 0.998 0.996 |  13 [24..32] 0.999 0.999
 38000   m3 |  11 [11..14] 0.982 0.982 |  13 [16..17] 0.998 0.991
 39000  le0 |  48 [45..48] 1.000 1.000 |  48 [37..42] 1.000 1.000
 39000  lt1 |  13 [14..17] 0.998 0.995 |  13 [26..31] 0.999 0.998
 39000   m3 |  12 [11..14] 0.997 0.982 |  13 [16..18] 0.998 0.994
 39999  le0 |  48 [45..48] 1.000 1.000 |  48 [36..43] 1.000 1.000
 39999  lt1 |  13 [14..17] 0.997 0.995 |  13 [26..27] 0.999 0.999
 39999   m3 |  12 [11..14] 0.997 0.983 |  13 [16..18] 0.998 0.993

## Final net (epoch 39999): net train 1.0000, test 1.0000
READ (layer-0 weights): top 16 frequencies by producer score  w:score_frac(support units)
  30:0.069(7)  45:0.068(9)  10:0.066(8)  38:0.066(9)  44:0.064(8)  36:0.063(7)  39:0.062(7)  47:0.062(8)  18:0.060(8)  46:0.060(7)  11:0.058(8)  33:0.057(9)  24:0.057(6)  13:0.054(7)  22:0.052(8)  12:0.029(5)
  frequencies with >=1 dominant unit: 21; participation ratio 17.4; n for 90%/99% of score: 15/37; top-5 score frac 0.332
  units whose a-row and b-row dominant w agree: 122/128; median unit concentration (energy at dominant w / non-DC energy): 0.920
LOGIT TABLE (net outputs on all p^2 inputs): top 12 diagonal frequencies  w:energy_frac
  45:0.0716  30:0.0657  10:0.0634  36:0.0547  38:0.0509  47:0.0503  46:0.0494  18:0.0493  44:0.0484  39:0.0475  24:0.0416  33:0.0367
  diagonal total 0.7342; DC 0.2292; donor measure (top-5 UNFOLDED diag + DC, cnb README's 0.374 on its net) = 0.4299; logit-diag n90 13, PR 14.4

KEPT K per gate (producer order):
    A  le0: k=48 held=1.0000 e_final=0.0000 units=128 rand k=[48,48,48,48,48] logit-diag energy at K=0.734  K=[1, 2, 3, 4, 5, 6, 7, 8, 9, 10, 11, 12, 13, 14, 15, 16, 17, 18, 19, 20, 21, 22, 23, 24, 25, 26, 27, 28, 29, 30, 31, 32, 33, 34, 35, 36, 37, 38, 39, 40, 41, 42, 43, 44, 45, 46, 47, 48]
    A  lt1: k= 1 held=1.0000 e_final=0.0000 units=  7 rand k=[1,1,1,1,1] logit-diag energy at K=0.066  K=[30]
    A   m3: k= 1 held=1.0000 e_final=0.0000 units=  7 rand k=[1,1,1,1,1] logit-diag energy at K=0.066  K=[30]
  ALS  le0: k=48 held=1.0000 e_final=0.0000 units=128 rand k=[48,48,48,48,48] logit-diag energy at K=0.734  K=[1, 2, 3, 4, 5, 6, 7, 8, 9, 10, 11, 12, 13, 14, 15, 16, 17, 18, 19, 20, 21, 22, 23, 24, 25, 26, 27, 28, 29, 30, 31, 32, 33, 34, 35, 36, 37, 38, 39, 40, 41, 42, 43, 44, 45, 46, 47, 48]
  ALS  lt1: k= 1 held=1.0000 e_final=0.0000 units=  7 rand k=[1,1,1,1,1] logit-diag energy at K=0.066  K=[30]
  ALS   m3: k= 1 held=1.0000 e_final=0.0000 units=  7 rand k=[1,1,1,1,1] logit-diag energy at K=0.066  K=[30]
    B  le0: k=48 held=1.0000 e_final=0.0000 units=128 rand k=[46,45,48,47,47] logit-diag energy at K=0.734  K=[1, 2, 3, 4, 5, 6, 7, 8, 9, 10, 11, 12, 13, 14, 15, 16, 17, 18, 19, 20, 21, 22, 23, 24, 25, 26, 27, 28, 29, 30, 31, 32, 33, 34, 35, 36, 37, 38, 39, 40, 41, 42, 43, 44, 45, 46, 47, 48]
    B  lt1: k=13 held=0.9974 e_final=0.0000 units=101 rand k=[17,15,16,16,14] logit-diag energy at K=0.664  K=[10, 11, 18, 24, 30, 33, 36, 38, 39, 44, 45, 46, 47]
    B   m3: k=12 held=0.9971 e_final=0.0000 units= 92 rand k=[13,12,13,14,11] logit-diag energy at K=0.627  K=[10, 11, 18, 24, 30, 36, 38, 39, 44, 45, 46, 47]
    C  le0: k=48 held=1.0000 e_final=0.0000 units=128 rand k=[36,39,41,38,43] logit-diag energy at K=0.734  K=[1, 2, 3, 4, 5, 6, 7, 8, 9, 10, 11, 12, 13, 14, 15, 16, 17, 18, 19, 20, 21, 22, 23, 24, 25, 26, 27, 28, 29, 30, 31, 32, 33, 34, 35, 36, 37, 38, 39, 40, 41, 42, 43, 44, 45, 46, 47, 48]
    C  lt1: k=13 held=0.9994 e_final=0.0000 units=101 rand k=[27,27,27,26,27] logit-diag energy at K=0.664  K=[10, 11, 18, 24, 30, 33, 36, 38, 39, 44, 45, 46, 47]
    C   m3: k=13 held=0.9979 e_final=0.0004 units=101 rand k=[17,18,18,16,16] logit-diag energy at K=0.632  K=[10, 11, 13, 18, 24, 33, 36, 38, 39, 44, 45, 46, 47]

CROSS table, rule lt1: held-out accuracy of each form (columns) at each gate's kept K (rows)
   gate   k |      A    ALS      B      C
      A   1 |  1.000  1.000  0.021  0.012
    ALS   1 |  1.000  1.000  0.021  0.012
      B  13 |  1.000  1.000  0.997  0.999
      C  13 |  1.000  1.000  0.997  0.999
CROSS table, rule m3: held-out accuracy of each form (columns) at each gate's kept K (rows)
   gate   k |      A    ALS      B      C
      A   1 |  1.000  1.000  0.021  0.012
    ALS   1 |  1.000  1.000  0.021  0.012
      B  12 |  1.000  1.000  0.997  0.991
      C  13 |  1.000  1.000  1.000  0.998

SVD baseline (all three layers truncated to rank r, biases kept; cnb precompute_svd.py recipe)
  held-out >= 0.50: min rank  17, params  14004 (held 0.5174, train 0.5854)
  held-out >= 0.90: min rank  25, params  20428 (held 0.9027, train 0.9274)
  held-out >= 0.95: min rank  28, params  22837 (held 0.9534, train 0.9628)
  held-out >= 0.99: min rank  33, params  26852 (held 0.9912, train 0.9965)
  held-out >= 1.00: min rank  41, params  33276 (held 1.0000, train 1.0000)
  ranks 8,12,16,20,24,32,48,64: r8:0.041  r12:0.138  r16:0.387  r20:0.716  r24:0.874  r32:0.986  r48:1.000  r64:1.000

SIZE TABLE (final net)
  original MLP: 53985 params, held 1.0000
  rule le0: A closed form k=48 ints, 0 floats (lookup form 4pk=18624) held 1.0000 | ALS k=48 + 48 amplitudes held 1.0000 | B 128 units = 53985 params held 1.0000 | C k=48 -> 53985 params held 1.0000
  rule lt1: A closed form k=1 ints, 0 floats (lookup form 4pk=388) held 1.0000 | ALS k=1 + 1 amplitudes held 1.0000 | B 101 units = 45264 params held 0.9974 | C k=13 -> 36065 params held 0.9994
  rule m3: A closed form k=1 ints, 0 floats (lookup form 4pk=388) held 1.0000 | ALS k=1 + 1 amplitudes held 1.0000 | B 92 units = 42357 params held 0.9971 | C k=13 -> 36065 params held 0.9979
  SVD matched to B (le0) held 1.0000: rank 41, 33276 params
  SVD matched to B (lt1) held 0.9974: rank 36, 29261 params
  SVD matched to B (m3) held 0.9971: rank 36, 29261 params

## Instrument checks
  form B at K=all bit-exact vs the net: 208/208 snapshots
  form C at K=all: max |dlogit| over snapshots 1.72e-05, min argmax agreement 1.0000
  units assigned a dominant w in 1..48 at K=all: min 128/128

## Falsifiers: shuffled-label net (train labels permuted; held = TRUE-label held-out accuracy)
   label net_tr net_te | A: k le0/lt1/m3 held(lt1) held(m3) | ALS: k le0/lt1/m3 held(lt1) held(m3) | B: k le0/lt1/m3 held(lt1) held(m3) | C: k le0/lt1/m3 held(lt1) held(m3)
    init  0.012  0.011 |  0/ 0/ 0 0.010 0.010 | 18/ 2/ 0 0.000 0.010 | 15/ 2/ 0 0.010 0.010 | 16/ 0/ 0 0.010 0.010
      e0  0.013  0.010 |  0/ 0/ 0 0.010 0.010 | 26/ 2/ 0 0.000 0.010 | 19/ 0/ 0 0.010 0.010 |  3/ 0/ 0 0.010 0.010
   e1000  1.000  0.011 |  0/ 0/ 0 0.010 0.010 | 34/ 2/ 0 0.000 0.010 | 44/40/26 0.011 0.008 | 46/46/ 4 0.010 0.012
   e2000  1.000  0.009 |  0/ 0/ 0 0.010 0.010 | 22/ 2/ 0 0.000 0.010 | 45/42/29 0.010 0.009 | 46/46/ 2 0.012 0.007
   e3000  1.000  0.010 |  0/ 0/ 0 0.010 0.010 | 35/ 3/ 0 0.000 0.010 | 42/40/23 0.012 0.013 | 45/45/ 4 0.011 0.011
   e4000  1.000  0.010 |  0/ 0/ 0 0.010 0.010 | 35/ 3/ 0 0.000 0.010 | 43/40/33 0.011 0.012 | 47/47/ 2 0.012 0.010
   e5000  1.000  0.011 |  0/ 0/ 0 0.010 0.010 | 38/ 3/ 0 0.000 0.010 | 46/41/26 0.013 0.013 | 46/46/ 2 0.012 0.010
   e6000  1.000  0.009 |  0/ 0/ 0 0.010 0.010 | 37/ 3/ 0 0.000 0.010 | 41/36/28 0.012 0.012 | 46/46/ 2 0.010 0.009
   e7000  1.000  0.010 |  0/ 0/ 0 0.010 0.010 | 31/ 4/ 0 0.000 0.010 | 46/43/22 0.011 0.012 | 47/46/ 3 0.011 0.011
   e8000  1.000  0.011 |  0/ 0/ 0 0.010 0.010 | 35/ 2/ 0 0.000 0.010 | 44/38/19 0.011 0.010 | 47/47/ 2 0.012 0.008
   e9000  1.000  0.011 |  0/ 0/ 0 0.010 0.010 | 39/ 3/ 0 0.000 0.010 | 40/39/30 0.010 0.011 | 46/46/ 3 0.012 0.009
  e10000  1.000  0.012 |  0/ 0/ 0 0.010 0.010 | 38/ 2/ 0 0.000 0.010 | 40/38/23 0.010 0.010 | 48/46/ 5 0.009 0.009
  e11000  1.000  0.011 |  0/ 0/ 0 0.010 0.010 | 38/ 3/ 0 0.000 0.010 | 45/43/23 0.013 0.011 | 48/47/ 3 0.012 0.012
  e12000  1.000  0.012 |  0/ 0/ 0 0.010 0.010 | 37/ 3/ 0 0.000 0.010 | 43/40/27 0.011 0.012 | 47/46/ 5 0.011 0.011
  e13000  1.000  0.011 |  0/ 0/ 0 0.010 0.010 | 21/ 2/ 0 0.000 0.010 | 44/41/21 0.010 0.011 | 42/42/ 3 0.013 0.011
  e14000  1.000  0.010 |  0/ 0/ 0 0.010 0.010 | 18/ 1/ 0 0.000 0.010 | 40/37/22 0.011 0.011 | 47/46/ 2 0.011 0.013
  e15000  1.000  0.010 |  0/ 0/ 0 0.010 0.010 | 12/ 2/ 0 0.000 0.010 | 44/36/28 0.011 0.010 | 47/46/ 2 0.010 0.013
  e16000  1.000  0.010 |  0/ 0/ 0 0.010 0.010 | 29/ 2/ 0 0.000 0.010 | 46/37/31 0.011 0.013 | 47/46/ 2 0.010 0.012
  e17000  1.000  0.011 |  0/ 0/ 0 0.010 0.010 | 22/ 2/ 0 0.000 0.010 | 48/40/33 0.010 0.012 | 48/46/ 4 0.010 0.011
  e18000  1.000  0.010 |  0/ 0/ 0 0.010 0.010 | 28/ 3/ 0 0.000 0.010 | 48/43/32 0.010 0.012 | 48/46/ 3 0.010 0.012
  e19000  1.000  0.010 |  0/ 0/ 0 0.010 0.010 | 30/ 2/ 0 0.000 0.010 | 48/43/40 0.010 0.011 | 48/47/ 4 0.011 0.009
  e20000  1.000  0.011 |  0/ 0/ 0 0.010 0.010 | 22/ 2/ 0 0.000 0.010 | 45/43/31 0.010 0.012 | 47/44/ 5 0.011 0.012
  e21000  1.000  0.010 |  0/ 0/ 0 0.010 0.010 | 23/ 2/ 0 0.000 0.010 | 44/41/39 0.012 0.012 | 47/46/ 2 0.011 0.008
  e22000  1.000  0.010 |  0/ 0/ 0 0.010 0.010 | 27/ 2/ 0 0.000 0.010 | 47/44/41 0.009 0.009 | 48/45/ 3 0.010 0.014
  e23000  1.000  0.010 |  0/ 0/ 0 0.010 0.010 | 25/ 2/ 0 0.000 0.010 | 41/39/37 0.011 0.011 | 48/46/ 4 0.009 0.011
  e24000  1.000  0.010 |  0/ 0/ 0 0.010 0.010 | 30/ 2/ 0 0.000 0.010 | 40/39/33 0.012 0.010 | 46/45/ 2 0.011 0.010
  e25000  1.000  0.010 |  0/ 0/ 0 0.010 0.010 | 23/ 2/ 0 0.000 0.010 | 44/42/26 0.013 0.011 | 43/43/ 2 0.010 0.010
  e26000  1.000  0.010 |  0/ 0/ 0 0.010 0.010 | 24/ 2/ 0 0.000 0.010 | 44/42/27 0.010 0.012 | 47/46/ 4 0.011 0.012
  e27000  1.000  0.010 |  0/ 0/ 0 0.010 0.010 | 22/ 2/ 0 0.000 0.010 | 47/44/26 0.010 0.014 | 43/43/ 5 0.011 0.011
  e28000  1.000  0.010 |  0/ 0/ 0 0.010 0.010 | 23/ 2/ 0 0.000 0.010 | 43/39/29 0.012 0.013 | 41/41/ 3 0.011 0.011
  e29000  1.000  0.010 |  0/ 0/ 0 0.010 0.010 | 23/ 2/ 0 0.000 0.010 | 47/42/28 0.010 0.012 | 46/46/ 3 0.009 0.012
  e30000  1.000  0.010 |  0/ 0/ 0 0.010 0.010 | 26/ 2/ 0 0.000 0.010 | 45/40/34 0.011 0.012 | 45/45/ 3 0.010 0.012
  e31000  1.000  0.010 |  0/ 0/ 0 0.010 0.010 | 27/ 2/ 0 0.000 0.010 | 44/40/28 0.011 0.010 | 47/47/ 4 0.010 0.011
  e32000  1.000  0.010 |  0/ 0/ 0 0.010 0.010 | 24/ 2/ 0 0.000 0.010 | 44/40/20 0.010 0.010 | 46/46/ 4 0.011 0.011
  e33000  1.000  0.010 |  0/ 0/ 0 0.010 0.010 | 25/ 2/ 0 0.000 0.010 | 45/42/37 0.011 0.009 | 45/45/ 4 0.010 0.011
  e34000  1.000  0.010 |  0/ 0/ 0 0.010 0.010 | 25/ 2/ 0 0.000 0.010 | 45/41/38 0.011 0.011 | 48/46/ 8 0.010 0.010
  e35000  1.000  0.010 |  0/ 0/ 0 0.010 0.010 | 24/ 3/ 0 0.000 0.010 | 46/42/29 0.011 0.010 | 48/46/ 4 0.010 0.011
  e36000  1.000  0.009 |  0/ 0/ 0 0.010 0.010 | 24/ 2/ 0 0.000 0.010 | 47/42/29 0.011 0.014 | 48/47/ 4 0.010 0.010
  e37000  1.000  0.010 |  0/ 0/ 0 0.010 0.010 | 27/ 2/ 0 0.000 0.010 | 45/39/32 0.011 0.010 | 48/45/ 4 0.010 0.010
  e38000  1.000  0.010 |  0/ 0/ 0 0.010 0.010 | 22/ 2/ 0 0.000 0.010 | 45/40/37 0.012 0.009 | 48/46/ 4 0.011 0.011
  e39000  1.000  0.010 |  0/ 0/ 0 0.010 0.010 | 23/ 2/ 0 0.000 0.010 | 44/39/33 0.010 0.010 | 48/46/ 2 0.011 0.011
  e39999  1.000  0.010 |  0/ 0/ 0 0.010 0.010 | 23/ 2/ 0 0.000 0.010 | 45/40/36 0.010 0.012 | 48/46/ 2 0.011 0.011
rinit_s0  0.010  0.011 |  0/ 0/ 0 0.010 0.010 | 20/ 2/ 0 0.000 0.010 | 38/19/13 0.010 0.010 | 38/38/11 0.011 0.010
rinit_s1  0.007  0.011 |  0/ 0/ 0 0.010 0.010 | 35/ 2/ 0 0.000 0.010 | 31/ 5/ 0 0.011 0.011 | 37/ 0/ 0 0.011 0.011
rinit_s2  0.009  0.010 |  0/ 0/ 0 0.010 0.010 | 32/ 1/ 0 0.000 0.010 | 23/ 0/ 0 0.010 0.010 | 28/ 0/ 0 0.010 0.010
rinit_s3  0.009  0.011 |  0/ 0/ 0 0.010 0.010 | 36/ 2/ 0 0.000 0.010 | 30/15/11 0.011 0.011 | 13/ 0/ 0 0.011 0.011
  (rows rinit_s* = untrained nets, seeds 0..3; the seed-42 init is the 'init' row of each run)

## First snapshot epoch at which held-out accuracy >= threshold (true run, producer order)
      series    0.5    0.9   0.99    1.0
         net  10750  13000  16250  18750
       A le0    250    250    250    250
       A lt1    250    250    250    250
        A m3    250    250    250    250
     ALS le0    250    250    250    250
     ALS lt1    250    250    250    250
      ALS m3    250    250    250    250
       B le0  10750  13000  16500  18750
       B lt1  11000  13250  18750   None
        B m3  11000  14000  21250   None
       C le0  10750  13000  16250  18750
       C lt1  10500  12250  16500  18500
        C m3   9750  12250  17000   None
