=== solo — re-internalization with no forward model, tag s0, seed 0 (COMPLETE, 3336s wall) ===
Delta ladder [8, 0] control steps = [192, 0] ms | n_cycles=120 n_eval=32 batch_pr=16 | n_slot=8 x m_member=4 (+4 poison) | k_prop=2 eps_act=0.1 explore_eps=0.15 fw=3 | parity tau=0.75
NO FORWARD MODEL ANYWHERE. Segment span only; chain cells exist in the donor library (for gate S-F1) and are unused by every treatment arm.

--- gates ---
S-F0 donor constants: 13 checked, 0 mismatched, pass=True
S-F1 cross-tag exact control vs acappella b1 (library build + the Delta=0 AND Delta=8 rows): max|delta| = 0.000e+00  gains_match=True  applicable=True  pass=True
       aud_chain@0            0.000e+00
       aud_chain@8            0.000e+00
       build_chain            0.000e+00
       build_seg              0.000e+00
       key_chain@0            0.000e+00
       key_chain@8            0.000e+00
       key_seg@0              0.000e+00
       key_seg@8              0.000e+00
       lib_all@0              0.000e+00
       lib_all@8              0.000e+00
       lib_seg@0              0.000e+00
       lib_seg@8              0.000e+00
       reflex@0               0.000e+00
       reflex@8               0.000e+00
S-T0 numpy trunk forward == torch trunk forward: max|delta| = 7.137e-06  pass=True
S-T1 THE TRUNK GATE — the clone vs the reflex law it clones (band |diff| <= max(0.25*e_law, 0.01)), binding=True, pass=True
       trunk  world  evalD     e_law   e_clone      diff     band  ok
     D=8        rot      0    0.0362    0.0358   -0.0003   0.0100  PASS
     D=8        rot      8    0.1697    0.1869   +0.0172   0.0424  PASS
     D=8      clean      0    0.0337    0.0334   -0.0003   0.0100  PASS
     D=8      clean      8    0.1239    0.1219   -0.0021   0.0310  PASS
     D=0        rot      0    0.0045    0.0044   -0.0001   0.0100  PASS
     D=0        rot      8    0.4117    0.4142   +0.0025   0.1029  PASS
     D=0      clean      0    0.0030    0.0030   -0.0000   0.0100  PASS
     D=0      clean      8    0.4301    0.4343   +0.0042   0.1075  PASS
S-P  fid == audit_all over 120 metering cycles: max|delta| = 0.000e+00  pass=True
S-P  audit_prop_kN == audit_all over 120 metering cycles: max|delta| = 0.000e+00  pass=True

--- the trunk (behaviour-cloned reflex; no f(s,u) in it) ---
  Delta=0: gains kp=10.0 kd=2.0  130560 samples  mse=4.124e-04
  Delta=8: gains kp=5.0 kd=4.0  130560 samples  mse=3.898e-04

--- libraries ---
  donor (acappella's build, verbatim): sizes {'1:0': 8, '1:1': 8, '1:2': 8, '1:3': 8, '2:2': 8, '3:1': 8, '4:0': 8}  2688 groundings
  treatment (slots with MEMBERS): sizes {'1:0': [4, 4, 4, 4, 4, 4, 4, 4, 4], '1:1': [4, 4, 4, 4, 4, 4, 4, 4, 4], '1:2': [4, 4, 4, 4, 4, 4, 4, 4, 4], '1:3': [4, 4, 4, 4, 4, 4, 4, 4, 4]}  4096 groundings
    seam 0: 64 candidates scored on 16 held-out states; best 0.0576 median 0.0778 worst 0.1454; kept the best 32 (worst kept 0.0768); cluster sizes [3, 2, 6, 4, 2, 3, 3, 9], 7 members repaired; poison scores [0.1454, 0.1333, 0.1318, 0.1312]
    seam 1: 64 candidates scored on 16 held-out states; best 0.0432 median 0.1998 worst 0.9409; kept the best 32 (worst kept 0.1971); cluster sizes [5, 3, 1, 2, 12, 1, 6, 2], 11 members repaired; poison scores [0.9409, 0.7041, 0.6307, 0.61]
    seam 2: 64 candidates scored on 16 held-out states; best 0.0531 median 0.2285 worst 1.0776; kept the best 32 (worst kept 0.2237); cluster sizes [1, 3, 2, 1, 3, 9, 10, 3], 11 members repaired; poison scores [1.0776, 0.9821, 0.8362, 0.8002]
    seam 3: 64 candidates scored on 16 held-out states; best 0.0959 median 0.2968 worst 0.7637; kept the best 32 (worst kept 0.2952); cluster sizes [4, 1, 3, 5, 1, 5, 8, 5], 7 members repaired; poison scores [0.7637, 0.6975, 0.6368, 0.6217]

--- S-S: seam information under the DELAYED read (member library, per-state oracle) ---
    D seam  best fixed    oracle    gain  distinct  key gets
    8    0      0.0402    0.0169   2.37x    8/9       0.0383
    8    1      0.0457    0.0262   1.75x    5/9       0.0866
    8    2      0.0444    0.0292   1.52x    5/9       0.0447
    8    3      0.0471    0.0197   2.40x    5/9       0.1235
    0    0      0.0402    0.0169   2.37x    8/9       0.0383
    0    1      0.0457    0.0262   1.75x    5/9       0.0819
    0    2      0.0629    0.0327   1.92x    7/9       0.0775
    0    3      0.0721    0.0255   2.83x    6/9       0.0940

--- the arms, at the last metered cycle (performance tempo) ---
             arm  D  cyc  e_piece     fb  ground  priced s  fb-only  prim  n_aud n_prop
  (the BATTERY below is one training round further on than these rows: it runs on the final trained state, after the last cycle's training.)
          reflex  8    1   0.1869  136.0     0.0      16.9     16.9   nan    0.0    0.0
         key_seg  8    1   0.1312    4.0     0.0       3.7      3.7  0.00    0.0    0.0
       audit_all  8    1   0.1142    8.2   148.0     139.7      4.1  0.03   37.0    9.0
             fid  8  120   0.1142    8.2   148.0     139.7      4.1  0.03   37.0    9.0
   audit_prop_kN  8  120   0.1142    8.2   148.0     139.7      4.1  0.03   37.0    9.0
    audit_prop_k  8  120   0.1212    4.0    36.0      36.6      3.7  0.00    9.0    2.0
    route_native  8  120   0.1309    4.0    26.8      28.2      3.7  0.00    6.7    2.0
       prop_k_d0  0  120   0.0043  138.9    36.0      50.1     17.2  0.99    9.0    2.0
  (fb = feedback events per traversal; the reflex law's own reference is 136 fb, 0 groundings)

--- e_piece and frac_prim over cycles (every arm that runs a cycle loop) ---
  fid:
    c            0      12      24      36      48      60      72      84      96     108     119
    e       0.1142  0.1142  0.1142  0.1142  0.1142  0.1142  0.1142  0.1142  0.1142  0.1142  0.1142
    prim      0.03    0.03    0.03    0.03    0.03    0.03    0.03    0.03    0.03    0.03    0.03
    n_aud     37.0    37.0    37.0    37.0    37.0    37.0    37.0    37.0    37.0    37.0    37.0
  audit_prop_kN:
    c            0      12      24      36      48      60      72      84      96     108     119
    e       0.1142  0.1142  0.1142  0.1142  0.1142  0.1142  0.1142  0.1142  0.1142  0.1142  0.1142
    prim      0.03    0.03    0.03    0.03    0.03    0.03    0.03    0.03    0.03    0.03    0.03
    n_aud     37.0    37.0    37.0    37.0    37.0    37.0    37.0    37.0    37.0    37.0    37.0
  audit_prop_k:
    c            0      12      24      36      48      60      72      84      96     108     119
    e       0.0955  0.1495  0.1255  0.1217  0.1207  0.1208  0.1219  0.1212  0.1214  0.1212  0.1212
    prim      0.05    0.00    0.00    0.00    0.00    0.00    0.01    0.00    0.00    0.00    0.00
    n_aud      9.0     9.0     9.0     9.0     9.0     9.0     9.0     9.0     9.0     9.0     9.0
  route_native:
    c            0      12      24      36      48      60      72      84      96     108     119
    e       0.0955  0.1320  0.1230  0.1151  0.1220  0.1223  0.1270  0.1232  0.1221  0.1249  0.1309
    prim      0.05    0.00    0.02    0.03    0.00    0.02    0.00    0.00    0.00    0.00    0.00
    n_aud      9.0     8.2     8.0     7.4     7.3     8.1     6.8     8.8     6.2     8.2     6.7
  prop_k_d0:
    c            0      12      24      36      48      60      72      84      96     108     119
    e       0.0043  0.0043  0.0043  0.0043  0.0043  0.0043  0.0043  0.0043  0.0043  0.0043  0.0043
    prim      0.99    0.99    0.99    0.99    0.99    0.99    0.99    0.99    0.99    0.99    0.99
    n_aud      9.0     9.0     9.0     9.0     9.0     9.0     9.0     9.0     9.0     9.0     9.0

--- trust: pi's proposal mass, by level, over cycles (the probe ladder) ---
  fid:
    c              0       5      10      15      20      25      30      35      40      45      50      55      60      65      70      75      80      85      90      95     100     105     110     115     119
    mass_seg   0.800   0.800   0.800   0.800   0.800   0.800   0.800   0.800   0.800   0.800   0.800   0.800   0.800   0.800   0.800   0.800   0.800   0.800   0.800   0.800   0.800   0.800   0.800   0.800   0.800
    mass_prim  0.100   0.100   0.100   0.100   0.100   0.100   0.100   0.100   0.100   0.100   0.100   0.100   0.100   0.100   0.100   0.100   0.100   0.100   0.100   0.100   0.100   0.100   0.100   0.100   0.100
    mass_poison  0.100   0.100   0.100   0.100   0.100   0.100   0.100   0.100   0.100   0.100   0.100   0.100   0.100   0.100   0.100   0.100   0.100   0.100   0.100   0.100   0.100   0.100   0.100   0.100   0.100
    top1       0.100   0.100   0.100   0.100   0.100   0.100   0.100   0.100   0.100   0.100   0.100   0.100   0.100   0.100   0.100   0.100   0.100   0.100   0.100   0.100   0.100   0.100   0.100   0.100   0.100
    entropy    2.303   2.303   2.303   2.303   2.303   2.303   2.303   2.303   2.303   2.303   2.303   2.303   2.303   2.303   2.303   2.303   2.303   2.303   2.303   2.303   2.303   2.303   2.303   2.303   2.303
    argmax_prim   0.000   0.000   0.000   0.000   0.000   0.000   0.000   0.000   0.000   0.000   0.000   0.000   0.000   0.000   0.000   0.000   0.000   0.000   0.000   0.000   0.000   0.000   0.000   0.000   0.000
  audit_prop_kN:
    c              0       5      10      15      20      25      30      35      40      45      50      55      60      65      70      75      80      85      90      95     100     105     110     115     119
    mass_seg   0.725   0.913   0.889   0.897   0.905   0.912   0.914   0.916   0.924   0.911   0.923   0.927   0.913   0.916   0.928   0.923   0.924   0.923   0.918   0.924   0.930   0.920   0.926   0.925   0.934
    mass_prim  0.242   0.040   0.063   0.051   0.042   0.042   0.035   0.033   0.034   0.037   0.035   0.037   0.037   0.038   0.035   0.036   0.037   0.037   0.036   0.039   0.035   0.041   0.041   0.040   0.036
    mass_poison  0.033   0.047   0.048   0.052   0.053   0.046   0.050   0.051   0.041   0.052   0.042   0.036   0.050   0.047   0.037   0.041   0.039   0.039   0.047   0.037   0.035   0.040   0.033   0.036   0.030
    top1       0.405   0.409   0.432   0.441   0.430   0.423   0.475   0.494   0.528   0.513   0.539   0.548   0.577   0.630   0.584   0.584   0.583   0.614   0.613   0.607   0.610   0.604   0.605   0.619   0.629
    entropy    1.489   1.594   1.527   1.520   1.512   1.535   1.435   1.402   1.319   1.358   1.292   1.276   1.210   1.077   1.171   1.160   1.164   1.087   1.088   1.108   1.114   1.117   1.109   1.066   1.062
    argmax_prim   0.320   0.016   0.047   0.039   0.039   0.031   0.031   0.031   0.031   0.031   0.031   0.031   0.031   0.031   0.031   0.031   0.031   0.031   0.031   0.031   0.031   0.031   0.031   0.031   0.031
  audit_prop_k:
    c              0       5      10      15      20      25      30      35      40      45      50      55      60      65      70      75      80      85      90      95     100     105     110     115     119
    mass_seg   0.729   0.919   0.902   0.908   0.952   0.934   0.947   0.954   0.961   0.950   0.962   0.928   0.941   0.943   0.946   0.942   0.946   0.956   0.952   0.937   0.943   0.935   0.953   0.948   0.950
    mass_prim  0.239   0.066   0.082   0.078   0.032   0.042   0.030   0.031   0.025   0.022   0.022   0.048   0.026   0.029   0.025   0.030   0.024   0.025   0.022   0.038   0.024   0.035   0.017   0.023   0.025
    mass_poison  0.032   0.015   0.017   0.014   0.016   0.025   0.023   0.015   0.014   0.027   0.016   0.024   0.032   0.028   0.029   0.029   0.030   0.019   0.026   0.025   0.033   0.030   0.030   0.029   0.025
    top1       0.394   0.512   0.515   0.581   0.629   0.665   0.644   0.658   0.695   0.631   0.677   0.648   0.680   0.704   0.690   0.702   0.716   0.697   0.739   0.673   0.722   0.704   0.727   0.726   0.718
    entropy    1.477   1.221   1.126   0.996   0.928   0.878   0.873   0.848   0.775   0.890   0.805   0.859   0.783   0.774   0.796   0.792   0.738   0.759   0.676   0.831   0.728   0.786   0.697   0.731   0.743
    argmax_prim   0.250   0.016   0.039   0.039   0.000   0.023   0.000   0.008   0.000   0.000   0.000   0.016   0.000   0.000   0.000   0.000   0.000   0.000   0.008   0.008   0.000   0.000   0.000   0.000   0.000
  route_native:
    c              0       5      10      15      20      25      30      35      40      45      50      55      60      65      70      75      80      85      90      95     100     105     110     115     119
    mass_seg   0.729   0.917   0.913   0.936   0.952   0.960   0.960   0.955   0.969   0.976   0.985   0.984   0.961   0.972   0.974   0.974   0.973   0.977   0.978   0.979   0.974   0.976   0.976   0.974   0.977
    mass_prim  0.239   0.075   0.083   0.062   0.045   0.037   0.039   0.044   0.030   0.022   0.013   0.016   0.037   0.024   0.021   0.024   0.024   0.019   0.018   0.019   0.021   0.022   0.022   0.023   0.020
    mass_poison  0.032   0.008   0.004   0.001   0.003   0.003   0.001   0.001   0.001   0.002   0.001   0.001   0.002   0.003   0.005   0.002   0.003   0.003   0.005   0.002   0.005   0.002   0.002   0.003   0.003
    top1       0.394   0.458   0.568   0.604   0.663   0.670   0.660   0.682   0.712   0.708   0.738   0.728   0.727   0.713   0.713   0.757   0.728   0.731   0.711   0.734   0.713   0.736   0.733   0.740   0.725
    entropy    1.477   1.436   1.121   1.082   0.897   0.899   0.890   0.825   0.755   0.765   0.691   0.715   0.710   0.757   0.753   0.665   0.717   0.704   0.736   0.713   0.774   0.706   0.728   0.706   0.726
    argmax_prim   0.250   0.008   0.023   0.016   0.016   0.016   0.000   0.031   0.016   0.016   0.000   0.000   0.016   0.000   0.000   0.000   0.000   0.000   0.000   0.000   0.000   0.000   0.000   0.000   0.000
  prop_k_d0:
    c              0       5      10      15      20      25      30      35      40      45      50      55      60      65      70      75      80      85      90      95     100     105     110     115     119
    mass_seg   0.003   0.000   0.000   0.000   0.000   0.000   0.001   0.002   0.000   0.001   0.002   0.001   0.005   0.002   0.000   0.001   0.002   0.001   0.002   0.002   0.001   0.001   0.002   0.001   0.003
    mass_prim  0.996   1.000   1.000   1.000   1.000   1.000   0.999   0.998   1.000   0.999   0.998   0.999   0.995   0.998   1.000   0.999   0.998   0.999   0.998   0.998   0.999   0.999   0.998   0.999   0.997
    mass_poison  0.000   0.000   0.000   0.000   0.000   0.000   0.000   0.000   0.000   0.000   0.000   0.000   0.000   0.000   0.000   0.000   0.000   0.000   0.000   0.000   0.000   0.000   0.000   0.000   0.000
    top1       0.996   1.000   1.000   1.000   1.000   1.000   0.999   0.998   1.000   0.999   0.998   0.999   0.995   0.998   1.000   0.999   0.998   0.999   0.998   0.998   0.999   0.999   0.998   0.999   0.997
    entropy    0.032   0.003   0.001   0.001   0.000   0.003   0.008   0.011   0.003   0.007   0.013   0.005   0.028   0.016   0.003   0.006   0.010   0.004   0.011   0.012   0.006   0.009   0.010   0.005   0.018
    argmax_prim   1.000   1.000   1.000   1.000   1.000   1.000   1.000   1.000   1.000   1.000   1.000   1.000   1.000   1.000   1.000   1.000   1.000   1.000   1.000   1.000   1.000   1.000   1.000   1.000   1.000

--- Port 2 parity, measured as execution reproduction ON THE PLANT ---
  audit_prop_kN: 8/36 slots open at tau=0.75 (cycle 119); open-slot ids []
     slot seam n_hold   frac   e_tape   e_head      gap  open
        0    0     64   0.38   0.0440   0.0460  +0.0020  False
        1    0     64   0.25   0.0487   0.0588  +0.0102  False
        2    0     64   0.38   0.0386   0.0453  +0.0067  False
        3    0     64   0.25   0.0474   0.0627  +0.0153  False
        4    0     64   0.50   0.0376   0.0392  +0.0016  False
        5    0     64   0.25   0.0424   0.0573  +0.0149  False
        6    0     64   0.50   0.0540   0.0526  -0.0014  False
        7    0     64   0.50   0.0469   0.0452  -0.0017  False
        8    0     64   0.75   0.0800   0.0634  -0.0166  True
       18    1     64   0.34   0.2236   0.2233  -0.0004  False
       19    1     64   0.84   0.1019   0.0981  -0.0038  True
       20    1     64   1.00   0.1693   0.1452  -0.0241  True
       21    1     64   1.00   0.1454   0.1268  -0.0186  True
       22    1     64   0.17   0.1403   0.1565  +0.0162  False
       23    1     64   0.48   0.0874   0.0908  +0.0034  False
       24    1     64   1.00   0.1672   0.1352  -0.0319  True
       25    1     64   0.34   0.0864   0.0925  +0.0061  False
       26    1     64   1.00   0.7014   0.6942  -0.0072  True
       36    2     64   0.20   0.0957   0.1306  +0.0349  False
       37    2     64   0.28   0.0947   0.1068  +0.0121  False
       38    2     64   0.31   0.1538   0.1682  +0.0144  False
       39    2     64   0.09   0.0765   0.0958  +0.0193  False
       40    2     64   0.31   0.1304   0.1428  +0.0124  False
       41    2     64   0.62   0.1092   0.1124  +0.0031  False
       42    2     64   0.09   0.1116   0.1283  +0.0167  False
       43    2     64   0.48   0.1114   0.1236  +0.0123  False
       44    2     64   0.81   0.6657   0.5647  -0.1010  True
       54    3     64   0.58   0.1864   0.1857  -0.0006  False
       55    3     64   0.17   0.1161   0.1224  +0.0064  False
       56    3     64   0.50   0.1716   0.1722  +0.0006  False
       57    3     64   0.50   0.1394   0.1389  -0.0005  False
       58    3     64   0.77   0.1045   0.0975  -0.0070  True
       59    3     64   0.42   0.2355   0.2406  +0.0051  False
       60    3     64   0.67   0.1490   0.1468  -0.0023  False
       61    3     64   0.34   0.3322   0.3372  +0.0051  False
       62    3     64   0.50   0.7696   0.7642  -0.0054  False
    parity over cycles: c0:8/36 c5:1/36 c10:11/36 c15:4/36 c20:12/36 c25:6/36 c30:6/36 c35:15/36 c40:10/36 c45:11/36 c50:5/36 c55:5/36 c60:10/36 c65:9/36 c70:8/36 c75:10/36 c80:2/36 c85:5/36 c90:7/36 c95:3/36 c100:6/36 c105:7/36 c110:4/36 c115:10/36 c119:8/36
  audit_prop_k: 3/22 slots open at tau=0.75 (cycle 119); open-slot ids []
     slot seam n_hold   frac   e_tape   e_head      gap  open
        0    0      8   0.00   0.0440   0.0649  +0.0208  False
        1    0     64   0.27   0.0378   0.0462  +0.0084  False
        2    0     64   0.44   0.0389   0.0506  +0.0117  False
        3    0      6   0.00   0.0394   0.1128  +0.0734  False
        4    0     64   0.30   0.0322   0.0258  -0.0064  False
        6    0     64   0.52   0.0157   0.0245  +0.0088  False
        8    0     64   0.00   0.0471   0.0501  +0.0030  False
       18    1     10   0.60   0.1545   0.1318  -0.0227  False
       19    1     64   1.00   0.1111   0.1017  -0.0095  True
       23    1     64   0.00   0.1189   0.1631  +0.0442  False
       24    1     64   1.00   0.1571   0.1354  -0.0217  True
       25    1      4   0.00   0.0127   0.0999  +0.0873  False
       36    2     17   0.18   0.0809   0.1052  +0.0243  False
       37    2      9   0.22   0.0754   0.1305  +0.0551  False
       39    2     64   0.11   0.1069   0.1093  +0.0023  False
       40    2     19   0.00   0.1047   0.1283  +0.0236  False
       42    2     13   0.69   0.0994   0.1026  +0.0032  False
       43    2     64   0.00   0.0965   0.1025  +0.0060  False
       54    3     64   0.48   0.1023   0.1032  +0.0009  False
       55    3     16   0.19   0.1256   0.1624  +0.0368  False
       58    3     64   1.00   0.1073   0.1018  -0.0055  True
       60    3     64   0.11   0.2020   0.2091  +0.0071  False
    parity over cycles: c0:5/8 c5:3/17 c10:4/17 c15:6/17 c20:3/17 c25:4/18 c30:4/19 c35:4/19 c40:6/19 c45:3/19 c50:4/20 c55:6/20 c60:2/20 c65:2/21 c70:4/21 c75:1/21 c80:3/21 c85:4/21 c90:3/21 c95:2/21 c100:3/21 c105:1/21 c110:4/22 c115:2/22 c119:3/22
  route_native: 7/23 slots open at tau=0.75 (cycle 119); open-slot ids [0, 18, 19, 21, 22, 24, 37]
     slot seam n_hold   frac   e_tape   e_head      gap  open
        0    0     13   0.85   0.0490   0.0355  -0.0135  True
        1    0     64   0.00   0.0438   0.0588  +0.0150  False
        2    0     64   0.41   0.0377   0.0702  +0.0325  False
        4    0     64   0.14   0.0338   0.0360  +0.0023  False
       18    1     10   0.80   0.1545   0.1160  -0.0385  True
       19    1     64   0.84   0.0977   0.0931  -0.0046  True
       21    1      4   1.00   0.0918   0.0708  -0.0210  True
       22    1     59   0.81   0.0498   0.0313  -0.0185  True
       23    1     13   0.31   0.0604   0.0733  +0.0130  False
       24    1     64   0.91   0.1523   0.1444  -0.0079  True
       36    2     43   0.26   0.0800   0.0880  +0.0081  False
       37    2     64   0.83   0.0543   0.0483  -0.0059  True
       38    2     23   0.04   0.0206   0.0392  +0.0186  False
       39    2     64   0.06   0.0955   0.0979  +0.0024  False
       41    2     64   0.09   0.0275   0.0431  +0.0156  False
       42    2     64   0.16   0.0322   0.0342  +0.0021  False
       43    2     64   0.06   0.0834   0.0882  +0.0048  False
       54    3     64   0.11   0.0994   0.1029  +0.0035  False
       55    3     11   0.55   0.1468   0.1382  -0.0086  False
       57    3      6   0.17   0.0309   0.0297  -0.0012  False
       58    3     64   0.69   0.1022   0.0931  -0.0091  False
       59    3     64   0.52   0.1564   0.1568  +0.0004  False
       60    3     64   0.11   0.0545   0.0640  +0.0094  False
    parity over cycles: c0:5/8 c5:2/18 c10:3/21 c15:2/21 c20:7/21 c25:7/22 c30:6/22 c35:5/22 c40:5/22 c45:5/22 c50:4/22 c55:5/22 c60:8/22 c65:3/22 c70:5/22 c75:4/22 c80:4/22 c85:4/22 c90:6/22 c95:9/22 c100:5/22 c105:3/22 c110:6/22 c115:9/23 c119:7/23
  prop_k_d0: 3/6 slots open at tau=0.75 (cycle 119); open-slot ids []
     slot seam n_hold   frac   e_tape   e_head      gap  open
        0    0     64   0.25   0.0440   0.0770  +0.0330  False
        1    0     64   0.62   0.0487   0.0590  +0.0103  False
       18    1     64   0.00   0.0394   0.0413  +0.0019  False
       19    1     64   1.00   0.0885   0.0876  -0.0009  True
       36    2     64   1.00   0.0815   0.0798  -0.0016  True
       37    2     64   1.00   0.0530   0.0510  -0.0020  True
    parity over cycles: c0:1/4 c5:4/6 c10:0/6 c15:1/6 c20:4/6 c25:4/6 c30:3/6 c35:1/6 c40:1/6 c45:2/6 c50:3/6 c55:2/6 c60:4/6 c65:3/6 c70:0/6 c75:2/6 c80:1/6 c85:2/6 c90:1/6 c95:3/6 c100:3/6 c105:3/6 c110:4/6 c115:2/6 c119:3/6

--- the address-book battery, on the final state of every arm with heads ---
             arm               row  e_piece     fb  ground  prim
             fid              base   0.1142    8.2   148.0  0.03
             fid           no_prim   0.1142    4.0   144.0  0.00
             fid          no_table   0.7176    4.0     0.0  0.00
             fid  no_table_no_prim   0.7176    4.0     0.0  0.00
             fid          restored   0.1142    8.2   148.0  0.03
                    restored==base 0.000e+00
   audit_prop_kN              base   0.1142    8.2   148.0  0.03
   audit_prop_kN           no_prim   0.1142    4.0   144.0  0.00
   audit_prop_kN          no_table   0.1026    9.3     0.0  0.04
   audit_prop_kN  no_table_no_prim   0.1061    4.0     0.0  0.00
   audit_prop_kN          restored   0.1142    8.2   148.0  0.03
                    restored==base 0.000e+00
    audit_prop_k              base   0.1219    5.1    36.0  0.01
    audit_prop_k           no_prim   0.1224    4.0    32.0  0.00
    audit_prop_k          no_table   0.1146    4.0     0.0  0.00
    audit_prop_k  no_table_no_prim   0.1146    4.0     0.0  0.00
    audit_prop_k          restored   0.1219    5.1    36.0  0.01
                    restored==base 0.000e+00
    route_native              base   0.1174    4.0    30.0  0.00
    route_native           no_prim   0.1174    4.0    26.0  0.00
    route_native          no_table   0.1142    7.2     0.0  0.02
    route_native  no_table_no_prim   0.1164    4.0     0.0  0.00
    route_native          restored   0.1174    4.0    30.0  0.00
                    restored==base 0.000e+00
       prop_k_d0              base   0.0043  138.9    36.0  0.99
       prop_k_d0           no_prim   0.0516    4.0    32.0  0.00
       prop_k_d0          no_table   0.0044  140.0     0.0  1.00
       prop_k_d0  no_table_no_prim   0.1103    4.0     0.0  0.00
       prop_k_d0          restored   0.0043  138.9    36.0  0.99
                    restored==base 0.000e+00
  ('fid' carries UNTRAINED heads and is the negative control for these rows.)

--- delta_perf instruments (reference = the committed tape's OWN stored trajectory) ---
  consumed by nothing this round; logged so the certifying role can be read against model-free candidates on the same run.
  key_seg:   slot  cycles   e_step     e_wp     dperf  silent
               0       1   0.0370   0.0402   -0.0202    0.50
               1       1   0.0572   0.0647   +0.0046    0.33
               2       1   0.0450   0.0495   +0.0055    0.50
               3       1   0.0268   0.0397   -0.0045    0.67
               4       1   0.0252   0.0311   +0.0000    1.00
               5       1   0.0200   0.0280   +0.0000    1.00
               6       1   0.0434   0.0496   +0.0000    0.00
               7       1   0.0261   0.0301   +0.0009    0.60
               8       1   0.0405   0.0496   -0.0092    0.25
              19       1   0.1908   0.2324   +0.0000    1.00
              22       1   0.1326   0.1324   +0.0061    0.55
              37       1   0.1247   0.1176   +0.0136    0.55
              43       1   0.1814   0.1810   +0.0000    1.00
              55       1   0.2134   0.2153   +0.0312    0.88
              56       1   0.2668   0.2704   +0.0000    1.00
              57       1   0.2464   0.2313   +0.0070    0.50
              60       1   0.1239   0.1281   +0.0459    0.33
              61       1   0.0412   0.0507   +0.0000    0.00
  audit_all:   slot  cycles   e_step     e_wp     dperf  silent
                 0       1   0.0267   0.0231   +0.0000    1.00
                 1       1   0.0306   0.0147   +0.0048    0.40
                 2       1   0.0333   0.0257   +0.0219    0.00
                 3       1   0.0199   0.0135   +0.0000    1.00
                 4       1   0.0201   0.0170   +0.0007    0.67
                 5       1   0.0163   0.0049   +0.0000    0.00
                 6       1   0.0182   0.0095   +0.0045    0.67
                 8       1   0.0257   0.0242   -0.0120    0.00
                19       1   0.1569   0.1769   +0.0083    0.73
                22       1   0.0910   0.0904   +0.0054    0.00
                23       1   0.1166   0.1163   -0.0010    1.00
                25       1   0.1772   0.2127   +0.0007    0.67
                36       1   0.1889   0.1686   +0.0714    0.60
                38       1   0.0515   0.0610   +0.0007    1.00
                39       1   0.0591   0.0770   +0.0040    0.55
                43       1   0.1389   0.1414   +0.0054    0.73
                55       1   0.1477   0.1573   -0.0081    0.64
                57       1   0.1293   0.1190   +0.0020    1.00
                58       1   0.1409   0.1864   +0.0213    0.78
                60       1   0.0941   0.1206   -0.0454    0.00
  fid:   slot  cycles   e_step     e_wp     dperf  silent
           0     120   0.0267   0.0231   +0.0000    1.00
           1     120   0.0306   0.0147   +0.0042    0.50
           2     120   0.0333   0.0257   +0.0058    0.25
           3     120   0.0199   0.0135   -0.0037    0.75
           4     120   0.0201   0.0170   -0.0002    0.57
           5     120   0.0163   0.0049   +0.0000    1.00
           6     120   0.0182   0.0095   +0.0029    0.75
           8     120   0.0257   0.0242   -0.0002    0.00
          19     120   0.1569   0.1769   +0.0040    0.67
          22     120   0.0910   0.0904   +0.0001    0.99
          23     120   0.1166   0.1163   -0.0000    1.00
          25     120   0.1772   0.2127   +0.0039    0.69
          36     120   0.1889   0.1686   +0.0503    0.67
          38     120   0.0515   0.0610   +0.0000    1.00
          39     120   0.0591   0.0770   +0.0054    0.50
          43     120   0.1389   0.1414   +0.0044    0.75
          55     120   0.1477   0.1573   -0.0031    0.42
          57     120   0.1293   0.1190   +0.0000    1.00
          58     120   0.1409   0.1864   +0.0134    0.80
          60     120   0.0941   0.1206   -0.0006    0.00
  audit_prop_kN:   slot  cycles   e_step     e_wp     dperf  silent
                     0     120   0.0267   0.0231   +0.0000    1.00
                     1     120   0.0306   0.0147   +0.0042    0.50
                     2     120   0.0333   0.0257   +0.0058    0.25
                     3     120   0.0199   0.0135   -0.0037    0.75
                     4     120   0.0201   0.0170   -0.0002    0.57
                     5     120   0.0163   0.0049   +0.0000    1.00
                     6     120   0.0182   0.0095   +0.0029    0.75
                     8     120   0.0257   0.0242   -0.0002    0.00
                    19     120   0.1569   0.1769   +0.0040    0.67
                    22     120   0.0910   0.0904   +0.0001    0.99
                    23     120   0.1166   0.1163   -0.0000    1.00
                    25     120   0.1772   0.2127   +0.0039    0.69
                    36     120   0.1889   0.1686   +0.0503    0.67
                    38     120   0.0515   0.0610   +0.0000    1.00
                    39     120   0.0591   0.0770   +0.0054    0.50
                    43     120   0.1389   0.1414   +0.0044    0.75
                    55     120   0.1477   0.1573   -0.0031    0.42
                    57     120   0.1293   0.1190   +0.0000    1.00
                    58     120   0.1409   0.1864   +0.0134    0.80
                    60     120   0.0941   0.1206   -0.0006    0.00
  audit_prop_k:   slot  cycles   e_step     e_wp     dperf  silent
                    0       1   0.0325   0.0368   +0.0003    0.43
                    1     120   0.0341   0.0228   -0.0020    0.44
                    2     117   0.0343   0.0331   +0.0056    0.59
                    4     119   0.0231   0.0217   +0.0006    0.61
                    6      97   0.0221   0.0101   +0.0030    0.58
                    8     115   0.0243   0.0225   +0.0028    0.23
                   18       1   0.1526   0.1526   +0.0323    0.38
                   19     118   0.1584   0.1779   +0.0053    0.62
                   23      22   0.1199   0.1192   +0.0024    0.78
                   24     119   0.1084   0.1212   +0.0045    0.13
                   25      84   0.1501   0.1926   +0.0032    0.30
                   36       2   0.1644   0.1373   +0.0460    0.51
                   37       3   0.1393   0.1322   +0.0024    0.83
                   38       8   0.0831   0.0829   +0.0000    1.00
                   39     119   0.0622   0.0591   +0.0011    0.14
                   40      19   0.2956   0.3141   +0.0000    1.00
                   42      97   0.0757   0.0324   +0.0003    0.08
                   43     118   0.1383   0.1401   +0.0058    0.71
                   54     109   0.1127   0.1588   +0.0008    0.49
                   55       2   0.1260   0.1231   -0.0041    0.61
                   58     119   0.2083   0.2310   +0.0008    0.92
                   60     119   0.1161   0.1414   +0.0018    0.10
  route_native:   slot  cycles   e_step     e_wp     dperf  silent
                    0       9   0.0814   0.0972   -0.0214    0.21
                    1      90   0.0521   0.0499   +0.0012    0.75
                    2     118   0.0322   0.0298   +0.0022    0.48
                    4     108   0.0254   0.0257   +0.0007    0.58
                    5      21   0.0328   0.0254   +0.0007    0.60
                    8      63   0.0350   0.0448   +0.0011    0.44
                   18       1   0.1526   0.1526   +0.0323    0.38
                   19      36   0.1584   0.1796   +0.0055    0.71
                   21       6   0.1640   0.1666   +0.0000    1.00
                   22      97   0.1262   0.1070   +0.0050    0.49
                   23       1   0.1350   0.1463   +0.0030    0.70
                   24      49   0.1412   0.1505   +0.0167    0.52
                   36      28   0.1429   0.1327   +0.0128    0.60
                   37      13   0.0744   0.0379   -0.0043    0.35
                   38      30   0.2166   0.2026   +0.0000    1.00
                   39      92   0.0821   0.0804   +0.0100    0.37
                   41      68   0.0431   0.0441   -0.0013    0.29
                   42     115   0.0718   0.0394   +0.0039    0.20
                   43     109   0.1396   0.1412   +0.0047    0.70
                   54     100   0.1092   0.1558   +0.0016    0.54
                   55       1   0.1108   0.0863   -0.0006    0.52
                   57      38   0.1930   0.1914   +0.0054    0.82
                   58      98   0.2042   0.2280   -0.0003    0.87
                   59       8   0.1870   0.2389   -0.0013    0.97
                   60     107   0.1361   0.1584   +0.0064    0.31
  prop_k_d0:   slot  cycles   e_step     e_wp     dperf  silent
                 1     120   0.0265   0.0009   +0.0000    1.00

--- flags on the record ---
  gain_grid_edges: {'0': {'kp': False, 'kd': False}, '8': {'kp': False, 'kd': False}}
  trunk_gate_binding: True
  s_f1_applicable: True
  cant_decompose: NOT REPORTED: at segment span a unit's 'spelling' would be the primitive executing the same segment, and there is ONE primitive slot per seam shared by every segment slot there — so pi's mass on a unit's own spelling collapses to `mass_prim`, which is already the adoption readout. There is no distinct per-slot spelling to put mass on, so the native/ readout has no segment-span form here.
  given_library: NOT BUILT this round: an earned-vs-given contrast needs a differently SOURCED library, and the only model-free source on this substrate is the priced plant search that acappella A-I retired as an incumbent (best cell 0.0607 at 15011 s priced). Recorded, deliberately not taken.
  primitive_audition: the primitive is auditioned CLOSED-LOOP on a resettable plant copy with the same observation delay applied inside the trial; without the internal delay the audition would run the primitive under a capability the body does not have
  trunk_frozen: the trunk does NOT adapt: the span loss is detached from it. It is the incumbent whose piece error every arm is measured against, and offbook's `regress` measured what unconditioned regression does to renditions. The plant guard is therefore a CONTROL here (the reflex arm's error is constant by construction), not a treatment readout.
